# Cedula;agente;Camp
1064734;70;2
1455272;70;2
1726272;6;2
1845961;70;2
1888602;70;2
1895079;70;2
1973711;70;2
2569110;6;2
2619761;6;2
2649664;70;2
2727607;70;2
2916439;70;2
2941370;70;2
3163291;70;2
3265832;6;2
3306079;70;2
3426389;6;2
3469559;70;2
3480215;6;2
3593825;70;2
3653799;61;2
3723003;70;2
3848186;70;2
3905557;70;2
3917906;70;2
4025977;70;2
4041407;70;2
4123667;6;2
4157994;70;2
4195843;70;2
4200285;70;2
4201282;70;2
4251273;70;2
4289671;70;2
4318414;70;2
4449865;70;2
4469470;70;2
4472497;70;2
4558657;6;2
4778670;6;2
4796861;6;2
4892376;70;2
4923778;70;2
4975211;70;2
5006798;6;2
5170447;70;2
5269006;70;2
5413175;6;2
1413424;70;2
1531944;6;2
2872232;70;2
3357966;70;2
4257921;61;2
4489840;70;2
4539834;70;2
5596516;70;2
3860338;20;9
4059994;70;9
4450652;70;9
4899108;70;9
4344788;61;9
5144397;61;9
1628095;25;9
1127859;61;2
1222919;61;2
3482305;61;2
3525666;6;2
3595550;61;2
3688775;6;2
4010507;61;2
4515349;61;2
3483599;61;2
3832484;61;2
3471781;6;9
1465915;61;9
5150439;61;9
3212223;61;2
3222902;61;9
966185;40;2
3233839;27;2
2562014;6;2
2619368;27;2
2998788;27;2
4855217;6;2
3544937;40;2
3955325;25;2
4702094;17;2
4544864;27;2
4913896;1;2
3298656;17;2
4445983;27;2
3272060;20;2
4812384;6;9
1102270;6;2
1588985;14;2
3321079;27;2
4247494;41;9
2800998;40;2
2023946;1;2
2821950;40;2
4456614;27;2
4141841;20;2
3601005;6;2
4636381;20;2
5118560;32;9
1470946;28;9
5385201;14;9
4822724;27;2
3305418;27;2
5094269;17;2
2947602;32;9
4621037;20;2
3714395;20;2
756681;20;2
5037464;12;9
3131064;20;2
4458606;21;9
4669439;20;2
5090895;40;2
1858526;40;2
4316333;12;9
5120264;17;2
4237831;1;2
4706821;1;2
5091520;27;2
3726607;1;2
5120879;19;2
3432314;11;2
4630317;20;2
2647975;27;2
3775259;43;9
3855768;27;2
4625356;1;2
4781501;8;9
5108469;27;2
3947571;11;2
4022180;20;2
4013011;27;2
2660388;25;9
1844193;19;9
1860977;40;2
4693337;17;2
4436561;19;9
5052548;32;2
4491938;6;2
4464744;17;2
4974428;19;9
3692748;17;9
5150068;27;2
3245609;27;2
4696393;26;2
3796256;20;2
5146915;17;2
5181268;25;9
3700302;40;2
4227129;27;2
1441764;56;9
4814899;14;9
4348906;1;2
5100690;8;9
4332620;17;2
4680263;1;2
3025582;26;2
4192347;14;9
1969395;6;2
2776798;20;2
4661763;17;2
3297097;20;2
4679125;40;2
3792850;20;2
2535998;20;2
4663542;40;2
3945303;6;9
5140908;40;2
4651783;1;2
3330813;16;2
4653230;40;2
3071749;6;2
891156;28;9
4759141;12;9
3456656;47;9
4661467;21;9
3738292;10;2
5621413;44;9
4162684;2;9
4179162;34;9
2990518;20;2
2596536;27;9
4986221;8;9
5085515;1;2
1801368;40;2
1580558;30;2
5134880;20;2
5322801;12;9
5147767;26;9
3889783;48;2
1835802;40;2
3362500;28;2
4665288;17;2
2995581;24;9
1549923;10;9
4769006;27;2
3803464;20;2
4746619;22;9
3842687;20;2
4721663;39;2
4066810;4;9
1749892;39;2
3323695;43;9
1995069;33;9
3763820;6;2
1364896;40;9
3574195;40;2
5128971;1;2
4113610;27;2
4201110;27;2
2842402;6;2
3222384;19;9
4719943;40;2
5522297;12;9
2584852;40;2
3883290;27;2
4125304;32;9
3691684;36;9
4958615;40;2
4810141;40;2
3891142;20;2
1274987;6;2
2788575;40;2
5401742;8;9
4280946;15;9
4138738;27;2
4706480;27;2
3099260;14;9
1934915;6;9
5148140;20;2
4950619;17;2
4237273;40;2
4340244;17;2
5057938;27;2
5108376;27;2
3179004;19;9
4259871;20;2
4177673;17;9
2023663;44;9
2988970;40;2
3511508;25;9
3414393;27;2
4084876;28;9
2576212;12;9
2614412;27;2
4988448;8;9
4161555;39;2
3921973;12;9
5011073;19;9
4551206;12;9
4908554;8;9
4670167;40;2
692812;8;2
2560314;17;2
4679459;20;2
1519717;27;2
3246036;1;2
4559749;21;9
4707834;40;2
3716429;20;2
3378340;20;2
1768327;6;9
4648217;27;2
5616934;44;9
3068567;48;2
5215596;42;9
3048772;8;9
4933412;12;9
4432509;17;2
2776388;40;2
2000177;52;2
1951557;5;9
5076031;14;9
4332332;43;9
3943474;10;9
2718045;40;2
3570287;14;9
4903301;27;2
4532932;20;2
3464366;20;2
4646879;21;9
5324007;6;2
2660319;40;2
5130525;40;2
3225666;6;2
4960411;6;2
3013001;17;2
3876315;20;2
4624401;27;2
4547854;27;2
4343048;27;2
1323104;9;9
5328803;32;9
5106001;32;9
3857866;20;9
2867781;27;9
4520801;25;9
5120952;1;2
5324297;32;9
3356589;27;2
3390075;27;2
5205919;27;2
2823697;40;9
4553880;6;2
2634304;1;2
3780736;6;2
5880775;12;9
2618477;24;9
3924725;20;2
4860504;8;9
4437804;21;9
4692862;27;2
2973514;2;9
4541078;6;2
4643514;17;2
4629555;1;2
3278363;40;2
4664580;17;2
4165736;20;2
4374517;27;2
4617247;12;9
3992429;20;2
5436071;44;9
4320333;32;9
4577244;27;2
4356321;44;9
3767197;14;9
4644499;40;2
1642736;19;9
4637064;27;2
4268789;6;9
4395089;27;2
1905414;21;9
4952265;27;2
4991749;8;9
1379686;28;9
4661198;6;2
4081865;27;2
4640677;27;2
4369153;6;2
4746822;27;2
3839072;20;2
4705143;39;2
4539984;27;2
5176485;44;9
3046445;21;9
4716554;6;2
4189191;40;2
3851925;21;9
3514108;39;2
4296744;7;2
4762980;40;2
3351106;40;2
3872182;6;2
5585356;21;9
3846937;20;2
3600197;48;9
3804760;43;9
5135413;17;2
3592387;2;9
3800983;32;9
4365640;6;2
3368749;27;2
4959884;17;2
4336552;20;2
3718621;14;9
1653756;1;2
1351870;22;9
4821782;6;9
4692746;20;2
749377;40;2
4829802;14;9
4951363;32;9
5086636;20;2
3098663;40;2
3726378;6;2
2604184;28;9
4280851;43;9
5055712;43;9
2580214;20;2
4641231;20;2
1246180;27;9
1194438;25;2
4201986;31;2
1432396;21;2
3146382;23;9
4730797;44;9
3790523;20;2
3532743;17;2
4296925;32;9
3816722;28;9
3821703;10;2
4315047;17;9
1466018;20;2
3348652;19;9
4683620;20;2
4099432;6;2
3893421;40;2
3535844;19;9
4079237;7;2
5380259;44;9
3798338;17;2
4376331;10;2
4398985;27;2
4440066;51;2
3754468;0;2
4069446;8;9
4470100;27;2
942356;39;2
4024331;20;9
3886887;27;2
5306555;40;2
4910464;20;2
5119349;40;2
4656580;20;2
4437130;14;2
3208142;24;9
4603148;43;9
4384694;6;2
4806729;6;2
4555206;25;9
5217596;21;9
4525847;25;9
3226713;8;9
5111104;20;2
5094988;14;9
1776458;39;9
3162372;27;2
3449376;18;9
3980780;48;2
4625725;27;2
3326452;7;9
3452317;20;2
1759497;30;2
4395156;28;9
1653069;40;9
1651684;17;2
3904800;21;9
4667319;6;2
1992555;46;2
1579533;5;9
4754997;20;2
3364738;20;9
3262645;17;2
3963472;6;9
2708144;7;2
5058604;43;9
1238133;34;2
4967651;27;2
4037509;69;2
1948170;17;2
4629754;40;2
4259118;6;9
1170884;6;9
3982895;12;9
5067641;14;9
1553886;20;2
3080328;8;9
4354866;20;2
2912153;40;2
5504638;6;2
3635624;20;2
5151680;6;9
2811408;40;2
4401281;32;9
4426834;24;9
3014093;46;2
3626193;25;9
1156172;1;9
4018602;6;9
4322315;14;9
4424092;27;9
4347296;27;2
4942564;0;2
3456995;20;2
4372535;21;9
4681503;27;2
3645145;43;9
5351457;32;9
1371860;25;9
4668045;21;2
4700125;43;9
3982027;10;2
4188235;17;2
1060706;6;9
1828787;68;9
4679808;27;2
4706205;20;9
4081264;43;9
3882707;33;9
5591751;40;2
2572563;20;2
3999042;20;2
1632545;23;9
5006568;6;9
5181286;7;2
4233541;43;9
3758110;45;2
5214356;19;2
1440216;25;9
2757586;27;2
2006581;33;9
3639358;44;9
4815916;44;9
3472516;56;9
3777899;43;9
2575958;20;2
4232866;8;2
5078603;40;2
4212230;1;2
5232260;43;9
3242607;15;9
3363684;22;9
2804606;33;9
4528234;17;2
1492192;40;2
3572752;20;2
4149036;21;2
5384732;14;9
2694942;26;9
5360074;6;9
3880481;20;2
3417926;13;9
4345527;32;9
3332311;14;9
1398639;1;2
5122636;17;9
4204875;27;2
4889943;6;2
3315875;40;2
5645742;6;9
4688067;17;2
4466610;40;2
4790948;40;2
5075259;20;2
4896762;27;2
3737663;22;9
4463421;20;2
1693547;20;2
1900170;17;2
4678667;27;2
3799703;20;2
1743518;1;9
2951926;6;9
1004652;15;9
3728801;17;2
2992335;6;2
2561537;27;9
4060366;19;2
3945889;2;9
4291058;48;2
4646683;8;9
2597620;6;9
1100042;25;9
5155228;8;9
5126564;20;9
3824333;28;2
3872497;23;2
5380786;40;2
1171311;39;9
5067236;14;9
3257702;27;9
2780989;1;2
5357207;6;2
1082150;68;9
5351248;40;2
5152231;27;2
4382750;32;9
4467354;27;2
4494874;43;9
3505417;17;2
3404293;25;9
4527005;21;9
1572685;12;9
4150596;8;9
4018626;40;2
1365102;55;9
4593714;39;2
4625759;20;9
3180092;56;9
3906845;56;9
4700077;40;9
4373226;12;2
3150012;20;2
4697729;27;9
4278531;42;9
3553449;37;9
5047693;6;2
4421520;40;9
4260392;9;9
4092662;47;9
4341780;6;9
1911317;44;9
4266246;10;2
4882275;25;9
5251379;6;2
1714252;40;2
1287702;56;9
4983927;6;9
2638429;14;9
5448877;6;2
5501713;40;2
5307276;14;2
1244628;3;9
1687130;51;2
4480598;27;2
4681016;27;2
1907100;66;9
5104561;6;9
2500093;6;9
4772932;14;9
3730154;47;9
3573170;38;2
4338330;1;2
4651276;17;2
4113683;40;9
4147762;24;9
5204921;6;9
1662013;15;9
1334483;19;9
4386407;13;9
4639580;17;2
5007805;40;9
4164949;27;9
4886227;19;9
3146500;43;9
5336835;20;2
1566437;11;2
4692554;40;2
3504941;20;9
1550870;25;9
3840375;20;2
3986585;16;2
4711629;19;9
3794489;20;2
4146085;21;9
2702892;14;9
2821907;41;9
4537422;14;9
2762302;21;9
1777480;68;9
2839650;33;9
4574461;48;2
4051887;17;2
2784665;41;9
3508329;9;9
1892280;8;9
1880662;2;9
3620908;12;9
4477829;32;9
4699077;46;2
4378247;2;9
4675497;17;2
3899377;21;9
4129781;40;2
5162075;27;9
4003423;2;9
3234526;17;2
4529938;26;2
4958443;40;2
2732397;6;9
5191189;24;9
1957846;17;2
3415607;27;2
1656365;27;9
1033606;51;9
1470463;40;2
1971670;6;9
5087470;17;2
4577520;55;2
5172060;44;9
4211450;3;9
3608467;1;9
5095675;1;9
4450831;1;9
3333924;3;9
4468758;41;9
5025086;21;9
1493018;15;9
4823170;47;9
3519257;34;2
1816052;53;9
3613056;40;9
5132124;1;2
5205796;14;2
1991782;17;2
4957870;47;9
4047305;1;9
3659846;22;9
4613774;15;9
5088085;37;9
5131958;1;9
4388988;25;9
4030520;53;9
4286978;53;9
3036844;32;2
4726367;41;9
5973761;21;9
4852403;6;9
2695034;30;9
1845496;56;9
1826727;44;9
1348179;3;9
1862589;32;9
4307285;15;9
5442818;41;9
4420455;25;9
3017318;68;9
4276749;40;2
4828246;24;9
4142714;8;9
4495423;3;2
3816993;33;9
4165344;20;2
4477159;67;9
1923013;52;2
4458990;27;2
2721181;30;9
5088552;1;2
4055438;36;2
4162452;36;9
4189069;7;2
4156139;28;9
4864173;40;2
5227746;66;9
3726125;33;9
4659484;6;9
5080275;21;9
4635851;1;2
4499878;1;9
4468121;66;9
4424529;6;9
1732854;44;2
3749416;17;2
974958;43;9
2967759;20;2
4725744;66;9
3383464;22;9
3845992;20;2
5001461;57;2
4755930;11;2
4669435;1;2
5167835;22;9
4053643;28;2
4542358;1;9
4738685;3;9
4500148;41;9
3920064;36;9
3387364;25;9
3627449;9;9
2583460;12;2
5010449;22;9
5018735;17;2
4827790;1;9
4384253;33;9
5086798;40;9
3719782;62;9
2849466;56;9
1863216;47;9
2753081;66;9
5566060;20;9
4626316;17;9
3456360;6;2
3369319;39;9
5095562;17;9
4039494;9;2
3843653;21;9
5389275;1;9
5408042;33;9
4119154;2;9
5502875;47;9
5034924;67;9
2637037;6;9
1419024;3;9
2795717;62;9
2624726;56;9
5049344;47;9
4207153;68;9
4462221;47;9
5344057;37;9
1357153;33;9
3212059;67;9
5031623;68;9
4478522;33;9
4469018;28;2
4641049;62;9
4350625;6;9
1809753;27;9
4538418;66;9
5040423;21;9
4289978;21;9
4752002;66;9
4341753;33;9
1907749;2;9
4228500;17;2
5403008;43;9
3661916;23;9
4273757;43;9
3604269;25;9
5288500;48;2
4694312;43;9
5420594;56;9
4879376;33;9
4673132;20;2
4772269;8;9
4379725;62;9
4112411;41;9
4365335;46;9
4548513;27;2
1666144;1;9
5455661;6;9
4821565;43;9
4956581;20;2
4731893;6;9
4884761;25;9
1721244;68;9
5192926;2;9
1104295;62;9
4636736;17;2
4338780;7;9
3407837;34;2
4038646;25;9
3824953;56;9
3355878;44;2
4184859;39;9
4530734;1;2
4547186;17;2
4850402;31;2
4304169;6;2
4827758;66;9
5091648;1;2
4849532;15;9
4457063;37;9
5300938;67;9
3910732;28;9
1994857;56;9
1535726;17;2
2792780;17;2
4650544;40;2
4189167;12;2
5089705;17;9
4058879;2;9
3331110;67;9
4817814;67;9
3870036;21;9
4818026;62;9
1996701;66;9
2835539;31;2
5410312;39;9
2632217;1;9
4006235;46;2
5640640;44;9
4439446;47;9
5339860;6;9
5137325;40;2
5021636;24;9
1421809;10;2
4197315;6;9
4380070;20;9
5595918;21;9
2763690;1;2
1518459;17;9
3456236;18;9
4635024;1;9
3023243;67;9
4881407;22;9
4744556;39;9
3522242;6;2
5147801;43;9
3797960;14;9
4441015;22;9
4564837;15;9
4253343;33;9
1716465;27;9
3005496;6;9
3274769;30;9
4386985;56;9
4938133;19;9
1647849;68;9
1778247;62;9
4933869;32;9
1432851;9;9
4971505;24;9
4933042;41;9
1181041;12;9
4822919;33;9
5161193;39;9
2673553;35;9
3434540;37;9
4451639;32;9
4381864;43;9
3389929;66;9
4457165;43;9
4172683;67;9
5126900;25;9
1667615;1;2
4115236;6;9
3944013;21;9
4953619;6;9
4638009;8;9
4625864;53;9
1157804;43;9
3333407;37;9
4719447;27;2
4834704;48;2
3117845;44;9
5437073;1;9
3598737;25;2
4421657;41;9
2707314;45;9
5128892;1;9
3804012;25;9
5248235;25;2
4064721;68;9
5284733;41;9
5251874;3;9
3215872;21;9
3908958;47;2
4516560;32;9
3400711;40;9
3992863;32;2
3642001;39;2
4912729;33;9
4080102;3;9
4668091;24;9
1962867;22;9
4567678;47;9
1491130;12;9
4229217;39;9
4450578;18;9
5409798;47;9
4508909;42;9
1572441;32;9
1565572;39;9
3233537;37;9
4502473;6;9
1696051;25;9
1986745;15;9
4262977;6;9
4224660;27;2
4457150;3;9
3665524;53;9
2842797;47;9
5331697;1;9
5399785;68;9
3765284;1;9
4306770;43;9
5196195;67;9
4680156;1;9
4303391;67;9
4481260;15;9
4514784;62;9
1779917;46;2
4926377;66;9
4817449;48;2
4653545;47;9
2012221;39;9
4920679;22;9
5296587;68;9
1661461;28;9
854173;68;9
3383982;56;9
5006256;33;9
3152143;15;9
5033789;55;2
1009183;32;9
4403580;67;9
5218551;43;9
4978945;67;9
2660289;39;9
4634935;66;9
2645286;37;9
2842363;9;2
4676997;44;9
1589765;37;9
3946932;25;9
5901149;54;2
2764744;2;9
3406893;17;2
859551;28;9
5226482;25;9
3259245;39;9
3541055;68;9
3739197;56;9
4543971;24;9
2929111;62;9
4725766;1;9
5469636;62;9
4011970;67;9
3131074;14;9
4646641;21;2
5286041;24;9
2950066;2;2
5271236;19;9
4476776;14;2
1674141;67;9
3977742;45;2
1168787;26;2
4318699;53;9
4875545;3;9
3827311;25;9
4718505;25;9
4644938;27;2
2523766;20;2
2737907;11;2
4602413;68;9
1647205;6;9
2883662;33;9
5399867;67;9
5628998;14;9
2923910;67;9
5049299;33;9
4725851;3;2
1675624;15;9
4439736;12;9
1616003;56;9
4405339;40;2
1954285;39;9
4615820;47;9
5742942;19;9
4417034;22;9
1329473;43;9
4335645;67;9
4659464;56;9
4286749;22;9
4763274;46;2
1863411;32;9
2022341;67;9
1746716;24;9
1657356;39;9
5359068;54;2
5078369;6;9
4240910;40;2
5318821;53;9
4381676;3;9
3695620;40;2
4802740;25;9
4562585;43;9
4011297;45;9
4749317;53;9
4811818;41;9
3951010;62;9
4332959;15;9
3503574;12;9
4637544;24;9
1684004;2;9
5015868;56;9
1377591;53;9
5141889;37;9
1944035;2;9
5147667;3;9
5075257;1;9
4490732;43;9
3456817;27;2
4197036;15;9
4382319;33;2
2938582;39;9
2508287;28;2
1783874;43;9
5342217;68;9
4596645;2;9
4637710;6;9
4887752;1;9
5400721;37;9
3331025;40;9
4633924;25;9
4322409;56;9
1731136;43;9
4651063;20;2
3351161;33;9
3745371;6;9
4042573;12;9
1835297;40;2
4247599;18;9
3825026;25;2
5531775;56;9
4507926;9;9
4358755;39;9
5027586;25;2
3460050;43;9
4922857;53;9
802374;25;9
3145037;28;2
2509740;39;9
5092612;43;9
4919921;12;9
5261530;19;9
5564967;25;9
5118145;1;2
4987461;17;2
5010531;53;9
4438274;23;9
3125947;6;9
5768732;15;9
2801599;43;9
4686730;43;9
1517420;21;2
4013763;3;9
4134622;37;9
3921088;66;9
3409994;68;9
4514052;6;9
3951743;37;9
4385361;39;9
4264193;28;9
4899631;2;9
3615546;6;9
1589930;11;2
1963469;53;9
4154384;25;9
4226706;55;2
5470232;37;9
3307883;55;2
1948200;1;2
5399891;62;9
4880564;39;9
4550620;25;9
4456240;62;9
4412625;47;9
4411203;33;9
5456799;2;9
4814880;6;9
5258665;15;9
4906900;37;9
2510189;20;2
4284286;10;9
3744737;20;9
4814875;24;9
5280057;25;9
4472719;12;2
3762138;44;9
5357270;39;9
1310631;16;2
4549192;68;9
1801544;6;9
1871839;1;9
4826277;56;9
4182359;43;9
4776392;62;9
2972035;33;9
4186355;53;9
4611159;62;9
4440444;48;9
1195015;66;9
2748672;44;9
5052969;39;9
4373619;51;2
4664585;27;9
4055285;6;9
4441796;48;9
4480561;3;9
5282985;1;9
3372520;20;2
3048409;37;9
4841665;1;2
4567577;33;9
1165484;33;9
5084819;67;9
3048950;3;9
4880146;47;9
3625659;62;9
5259767;47;9
4625882;56;9
4749332;27;2
4750465;56;9
1870099;25;9
2650791;35;9
3136919;62;9
4866374;24;9
4191757;4;9
1920009;47;9
1044535;1;9
4375661;32;2
4872268;62;9
5594210;67;9
3773733;41;9
3426205;6;9
4827995;41;9
3679548;66;9
4406275;3;9
5139347;67;9
4837185;67;9
1242171;37;9
1601952;47;9
3882962;47;9
4212251;43;9
4463246;43;9
3038049;62;9
1688590;53;9
2595995;40;9
4317998;22;9
2882501;28;2
4769912;68;9
3965987;24;2
3237455;3;9
4702165;33;9
4804533;18;2
3853844;62;9
2770291;19;9
4513301;67;9
3306892;41;9
3484446;1;9
5742582;43;9
4155710;66;9
5008115;55;2
3830705;27;2
4335409;68;9
3286109;56;9
1553677;28;9
4462255;40;2
4085751;43;9
4204553;23;2
4783681;39;9
4736759;62;9
4942866;8;9
2533476;68;9
5021440;41;9
4782620;47;9
5080155;68;9
3293577;1;9
3044421;21;9
1466895;24;9
4944445;37;9
4156693;1;9
1985066;8;2
4218658;28;2
4535131;22;9
5267135;22;9
4639578;25;2
2923142;68;9
3788193;2;9
4400113;6;9
1743504;66;9
3665584;56;9
4612837;43;9
4953607;44;9
4157607;8;9
1825946;24;9
5108200;39;9
1674158;62;9
5192063;6;9
3134129;68;9
1875228;20;2
4517278;3;9
2783171;22;9
4461554;33;9
4656955;22;9
5006629;47;9
3620905;34;2
4263970;62;9
5463774;67;9
5252872;6;9
2783950;1;9
5342653;67;9
1847187;1;9
3071586;39;9
5426357;27;2
4594961;6;9
3386663;30;2
3745979;66;9
4960694;39;9
4935027;2;9
4823715;39;9
5571036;24;9
3185402;66;9
1947848;46;9
3957103;19;2
4742546;47;9
4019318;15;9
4313536;33;9
2780165;5;2
5558417;7;2
4052793;28;2
5378711;14;9
5304398;6;9
4684214;67;9
1286580;51;9
4413679;46;9
2705072;20;2
5266101;12;9
1451202;17;2
5266432;12;9
4569380;17;2
2017464;24;9
5000423;15;9
1212704;17;9
4939503;25;9
3845563;40;2
2801877;51;2
3601267;53;9
4270221;3;9
4849271;43;9
4781107;15;9
5078395;1;2
3792033;12;2
4315733;25;2
4657290;53;9
5104131;8;9
4720365;21;9
3124978;24;9
3819663;43;9
4908668;43;9
3886912;52;2
3457747;16;9
1918527;43;9
4990013;3;9
4865668;41;9
4779382;37;9
4866582;6;9
2529900;6;9
5574198;6;9
1824052;27;9
4982905;37;9
1834035;37;9
1989820;39;9
3765524;17;2
3638956;40;2
1240041;45;9
4556755;67;9
4243973;38;9
5531039;53;9
5376041;56;9
3109385;1;9
2504445;15;9
5589842;68;9
1423693;20;2
4614558;33;9
1672684;27;2
4095959;3;2
3839253;1;9
1810344;47;9
1653053;45;2
3817519;47;9
4359643;21;9
4414454;7;9
4169799;16;2
3587900;47;9
4249575;24;9
4243501;15;9
4755069;41;9
5144271;40;9
5234490;41;9
4322710;25;9
2863708;68;9
1796641;1;9
4482432;40;2
5542043;28;2
4701888;15;9
3441583;33;9
5318965;56;9
5416378;25;2
1469339;19;2
3924011;41;9
4873687;32;9
5135440;14;9
3443010;3;9
4227233;6;9
4422319;24;9
4934438;6;9
4663443;1;9
4978186;69;2
5141114;21;9
5739521;14;9
5216092;6;9
4966069;66;9
2935760;20;2
5040387;37;9
3377131;25;9
3987705;1;9
3823384;53;9
4695982;1;2
4107476;25;9
1940442;55;2
4925776;25;9
4671313;25;9
3402962;8;9
1906523;15;2
2660081;40;2
1175724;22;9
4338617;20;9
4821285;55;2
3856856;3;9
4444207;56;9
4647675;43;9
2880617;15;9
4415560;27;2
4877255;15;9
5238377;68;9
2519929;18;2
5086184;40;2
3135961;67;9
3058913;30;2
4495752;19;2
1852393;25;2
4981088;62;9
4790350;53;9
4971886;6;9
4933100;24;9
3986354;66;9
3846978;6;9
4499424;25;9
4311273;33;9
3450052;33;9
5169508;53;9
5009243;39;9
2811607;53;9
4940777;67;9
4779841;43;9
4337949;3;9
4455099;2;9
4871960;67;9
3957745;43;9
2824037;6;9
4140375;43;9
4480106;62;9
4557418;37;9
4338396;38;2
4308851;43;9
3847485;68;9
4386972;53;9
3567533;24;9
4363225;12;9
5265527;55;2
4323638;66;9
1997972;24;2
4396653;26;9
4597105;6;9
5515859;39;9
3654019;30;2
5264122;39;9
3356713;21;2
2999139;36;9
4455948;67;9
4584044;59;2
4384715;47;9
3015273;6;2
4013290;37;9
5404151;15;9
5399247;39;2
4364964;25;9
5415797;22;9
3750862;10;9
1291690;59;9
3315697;6;9
3244775;33;9
5223273;47;9
3652308;47;9
4605502;10;2
5340104;44;9
4554518;45;9
4379257;67;9
4308648;17;2
4340401;15;9
4728162;24;9
4818127;37;9
4797091;1;2
4620767;22;9
2683738;20;9
4636744;1;2
4347213;47;9
4844669;37;9
1588816;17;2
5226213;56;9
3983018;56;9
4585345;20;2
4261213;12;2
4803863;1;9
3597152;22;9
5337140;41;9
4103802;32;2
4451269;6;9
4317251;39;9
4975504;68;9
4252417;4;9
4207991;67;9
2672951;68;9
4980381;46;2
4218710;7;9
4392642;2;2
1499100;34;9
4427829;68;9
4687585;37;9
4292646;66;9
5207823;43;2
4832259;1;2
4185911;10;9
4587387;19;2
4973644;8;9
4654433;39;9
2615079;37;9
1541442;54;9
4064307;1;9
3203850;14;9
1572417;8;9
1880642;4;9
4552875;17;9
4507188;43;9
4535160;53;9
4596623;32;9
4019470;33;9
5145392;14;9
4190624;35;9
4401910;2;9
2015529;66;9
3518360;5;9
4841154;20;2
4132104;17;2
3612093;9;9
1537022;43;9
1714163;32;9
4438118;43;2
4285851;43;9
3742417;20;9
4510110;68;9
3906686;27;2
2741119;20;9
1130208;29;9
1598660;6;2
1547933;25;9
3298817;19;9
4537162;25;9
1872059;41;9
4861657;25;9
2591020;40;2
1762185;47;9
4094366;39;9
4864593;1;9
4521885;36;2
2728604;3;9
4393009;43;2
5190914;41;9
4305862;3;9
4158756;6;2
4700306;1;2
2883898;47;9
4687654;40;2
4421629;1;9
3451435;9;9
4716247;19;2
4730812;68;9
4827683;21;9
1990071;22;9
3901150;22;9
1840705;39;9
5203372;28;2
4172886;10;2
1352545;15;2
4855294;47;9
4915955;47;9
3165876;22;9
1500768;33;9
4150562;53;9
5091031;8;9
3741446;28;9
4416357;18;2
1112727;52;9
4525265;4;9
4691178;3;9
3618525;20;9
4005257;45;9
4482232;47;9
4946948;3;9
4738420;40;2
4703884;47;9
4183740;15;9
5326548;27;2
4965044;25;9
1893272;10;9
2778045;22;9
4097396;22;9
3900886;55;2
4678068;32;9
5044561;15;9
3856716;37;9
4206224;32;9
5028985;2;9
4196462;24;9
4227629;6;9
5091179;3;9
3426926;25;2
3888508;39;9
4847901;69;2
966656;37;9
3723326;3;9
3926407;24;9
4323936;28;9
4680616;17;2
3928171;14;9
1469667;2;9
4877036;43;9
4675668;2;9
3022898;1;2
4148625;39;9
4341289;4;2
4273297;34;9
4636903;41;9
4466240;56;9
5545157;32;9
4971334;69;2
5081262;21;9
5343851;62;9
3304988;46;9
3546850;67;9
2749688;53;9
4336087;62;9
2823448;24;9
5023237;6;9
4668732;19;9
2819953;30;2
3507905;23;9
1031868;30;9
4425512;2;9
5125769;56;9
2874474;38;9
3879815;37;2
4972207;2;9
5055199;22;9
1866724;44;9
4916994;19;9
4846628;3;9
5567370;1;9
4295227;45;9
2549369;18;2
4473657;39;9
5455461;24;9
4861846;25;9
5495693;33;9
4680906;68;9
4374330;41;9
5302715;3;9
3602107;56;9
4546195;12;2
3757944;30;9
4375314;24;9
3705310;25;9
4803118;66;9
2553063;53;9
3238962;43;9
4352608;48;2
4740432;15;9
4815521;2;9
4076736;37;9
4758909;24;9
5507280;43;2
3106940;66;9
4129077;6;9
3195647;24;9
1883910;11;9
4417870;21;2
5309105;47;9
5493968;15;9
3180402;25;9
5252136;43;9
4963967;53;9
3044529;6;9
3550235;62;9
2937311;30;2
2717935;6;9
4514106;32;9
1073329;24;9
4685845;27;9
4496671;56;9
4890145;6;9
4076974;14;2
4402085;68;9
4641133;37;9
5239248;20;9
4266631;4;2
4667257;41;9
3247501;27;2
1251454;18;9
3556117;5;9
4473627;23;9
4391206;41;9
3187106;1;9
4582737;21;9
5212908;37;9
4389262;17;2
2561989;19;2
4301722;24;9
1698905;44;9
4172832;32;9
1446514;22;2
4761137;6;9
3349666;15;9
4189984;9;9
896880;25;2
4829775;2;9
3392989;4;9
4222680;48;9
4756788;8;9
4842399;44;9
5171773;56;9
1405813;1;2
4344032;47;9
4404951;37;9
5000591;6;2
5287604;6;9
2747227;25;9
2786317;24;9
5281122;66;9
1523518;44;9
4097619;53;9
1926569;44;9
4085531;9;9
4253382;24;9
4284387;47;9
1093521;44;9
4112348;43;2
1682773;28;9
5459738;8;2
4830279;17;2
5567990;44;9
2775644;24;9
1556712;2;2
4411852;27;9
4925170;12;9
4359099;24;2
3158543;11;9
5041087;3;9
4334048;18;9
3823773;6;9
3720521;37;9
3926022;15;2
4380238;37;9
5014529;21;9
3788196;68;9
4207496;13;9
4986744;21;9
4445940;8;9
4521284;38;2
1279756;25;9
4669222;27;2
4282058;43;2
4269723;37;9
5637413;19;9
4550507;18;9
4505504;20;9
1771336;19;9
2802649;6;9
3781868;43;9
4247791;21;9
4622460;17;9
5249493;25;9
4343399;30;2
4453895;18;9
4149722;7;2
4655021;14;9
1511047;14;2
4156688;32;9
5466723;6;9
1861645;33;9
4161561;6;9
5446556;40;9
4986842;48;2
4034578;42;2
3984716;25;9
4494955;28;9
4389849;66;9
4098956;17;9
4316873;47;9
4634963;40;9
2531892;26;9
4850264;8;9
4639203;68;9
4550482;28;2
5162840;27;9
1139592;14;9
4709947;1;2
4146264;47;9
5478167;3;9
5971335;44;9
1592910;69;2
4295098;30;2
2727752;10;2
4438612;44;9
4789585;44;9
3133161;2;9
4130018;67;9
4643820;17;9
3812965;47;9
4384189;15;9
4237671;14;9
5203459;17;2
4808036;38;2
4437218;7;2
5543130;21;9
4383522;15;2
1932559;6;9
5378872;43;2
4534853;45;9
4297620;44;9
5126854;6;9
1305025;1;2
3774809;29;9
4293890;29;9
4317587;40;9
4273298;24;9
5245074;38;2
1291011;25;9
4654606;21;9
3610819;27;2
4533683;41;9
3187466;30;9
3321455;68;9
4424112;32;9
5353718;47;9
4888998;24;9
5418804;48;2
3689386;44;2
4546721;6;9
4481595;33;9
3477981;66;9
5377610;8;9
5196070;17;2
4495358;14;9
4741340;33;9
1226506;2;9
4143494;33;9
1663528;25;9
3847352;2;9
1148382;46;9
1085407;46;9
5519845;8;9
4556683;6;9
5077951;41;9
4420971;66;9
1410486;2;9
4036096;7;9
4509311;33;9
5547489;44;9
5079739;6;9
5186429;14;9
4490245;32;9
4162697;24;9
3401236;23;9
3987848;32;9
2026259;24;9
5258450;44;2
4608749;44;9
4071825;4;2
4040330;32;2
4663160;20;2
4549722;19;9
4530731;7;9
5394721;6;9
4964159;56;9
4421160;28;2
1283903;39;9
4987198;21;9
3775109;15;2
4354592;35;9
4281991;9;9
5289790;21;9
1511367;1;2
3351612;12;2
4152981;2;9
3926617;47;2
1918864;24;2
4331401;15;9
1463337;9;2
4224616;20;2
1370932;5;9
4905946;62;9
3149478;34;9
4834339;68;9
4011553;40;2
2993916;1;9
5189155;6;9
1136233;32;9
4600539;43;9
4708416;14;9
5203500;28;2
5603601;14;2
3129230;1;2
5205234;40;2
4269930;24;9
2945931;38;9
5326395;66;9
4888470;41;9
3467219;14;9
5331889;52;2
5301630;25;2
3128040;32;2
3725495;43;9
4175608;12;2
3999908;35;9
3959335;15;9
5059764;12;2
2898489;15;9
3853658;38;2
4115215;24;9
4153552;2;2
2611210;43;9
4533935;34;9
2675224;44;2
2834555;14;9
4037409;38;9
3906267;8;2
3524646;14;9
1378363;56;9
1794602;25;9
4456115;14;9
4438864;19;2
4045707;19;2
1667927;24;9
4922074;17;2
1481345;14;9
4250457;4;2
2899050;38;2
4523825;38;2
3686206;45;9
1251765;21;9
6021879;44;9
4052476;34;2
4293889;21;2
4183342;2;2
3807618;26;9
4427862;12;9
4522161;32;9
3881911;44;9
1832345;35;9
5162015;6;9
4304269;32;9
4732920;19;9
3828951;7;9
5539031;32;2
3040865;24;2
4010205;4;9
2602159;30;2
4599021;21;9
5271954;21;9
3175303;28;9
1364828;39;9
5315104;25;9
3443421;42;9
4475659;68;9
2794343;68;9
4617976;40;2
1101879;17;9
3869528;20;9
3408762;14;9
3291207;36;9
4103055;20;2
3744513;23;9
4831607;19;9
2620882;21;9
4794393;56;9
4367680;26;9
4737327;37;9
2868578;67;9
4166630;35;9
3074509;43;9
4977276;14;9
3143283;6;9
5845613;44;9
4444069;25;9
2793218;36;2
5059738;6;9
4306803;14;9
4610942;14;9
3387478;36;9
3755725;25;9
3836494;12;9
4163960;33;9
3133098;45;2
5223209;8;9
3477347;25;9
2724086;67;9
5010868;21;9
3950351;68;9
3922231;32;9
3564908;43;9
4465406;44;9
4447019;66;9
5224557;22;9
4331460;12;2
3799737;26;2
4055646;17;2
3136277;27;9
1462280;43;2
2773177;21;2
4501034;14;2
1331462;39;9
3211098;21;9
2590856;22;9
5592301;14;9
2618762;7;9
4437070;39;2
4707356;22;9
4305390;12;9
3604200;7;9
2825173;6;9
3672490;9;2
2808847;10;9
2764367;6;9
5237887;2;9
4732219;14;9
4231151;4;9
4466332;9;9
4340453;43;9
4504417;16;2
2502664;28;9
4453652;15;9
2943166;25;9
4582506;48;2
4169758;18;2
1805495;42;9
3712091;31;9
1502702;27;9
5541662;17;2
4472263;36;2
3846336;24;9
5301609;8;9
3230164;10;9
4924423;56;9
1530376;25;9
4751823;40;9
1625179;25;9
1541955;39;9
2808789;4;9
4571388;21;9
2615760;20;9
4260616;21;9
5796618;44;2
5366109;1;2
5141180;17;9
4302963;68;9
4550080;21;2
1916796;67;9
4364265;40;9
2712618;19;9
3866259;28;9
4151288;25;9
5397289;2;9
3443638;44;9
4333588;44;9
4206421;23;9
4307226;29;9
4846760;14;9
2624126;48;2
4520173;24;2
2673316;22;9
3626435;6;9
3638829;1;2
3077566;34;9
3755227;4;9
3880978;16;9
5353550;33;9
3341878;38;9
4751838;8;9
4325525;32;9
4817686;44;2
2788089;17;2
2636189;41;9
1796091;19;2
5019453;21;9
3787270;36;9
4529756;6;9
4390734;1;9
2987029;23;9
4584036;43;9
3321318;19;2
4054753;21;9
5287214;12;2
1125518;37;9
4191213;25;2
4962202;14;9
4191733;32;2
3428944;36;9
3332375;46;9
3378966;43;2
2934993;43;9
1465362;8;9
3136939;39;9
3234893;40;2
1914686;43;9
3036577;6;9
1455872;27;2
4183623;7;2
4455304;68;9
1806365;3;9
2636187;44;9
4371012;43;9
1944720;25;9
5236441;6;9
1428432;33;9
4319150;32;2
1450662;43;9
4458741;40;2
1271577;10;2
4847503;44;9
1635492;9;9
4462420;23;9
1284698;55;9
1710918;6;9
4479588;44;9
4043855;20;2
4072299;12;9
1398633;41;9
4524355;55;2
4111315;16;9
1445342;25;9
4442696;48;2
3240398;18;2
3482068;3;2
4261626;40;9
3288311;12;9
4421676;6;9
4648856;32;9
1969612;25;2
4663368;8;2
4424214;1;9
4078166;34;2
3152974;6;9
4081297;15;9
3915257;40;2
2845530;22;9
2779627;53;9
2887747;22;9
4272644;17;2
3794870;67;9
5842689;44;2
4132900;25;2
4856694;39;9
4418837;21;9
3379935;8;9
5089429;6;2
5290757;44;9
4162564;25;9
4507048;30;2
2510056;16;2
3782262;28;2
4527817;33;2
5024056;38;2
4512494;33;9
5210073;17;2
4188250;56;9
5405457;21;9
3063453;23;2
4141244;21;9
3862611;18;2
4305698;40;2
3926193;26;9
3238787;19;9
4775536;8;9
4346582;32;9
3513222;18;2
4453943;9;9
4267827;27;2
1537710;23;2
3216261;2;2
2793869;25;9
4233428;33;2
5316359;22;9
4398417;18;9
3483676;26;9
1996598;25;9
3669225;6;9
2941139;27;9
5360822;19;2
1278708;1;9
5153592;19;2
3808346;17;9
4905324;6;9
2536193;62;9
4114287;28;2
3635912;40;9
3187379;4;9
3407524;6;9
1424176;46;2
2687163;15;9
4511712;7;9
5086887;27;9
4106818;36;9
1962096;9;2
3453871;44;9
4056030;30;9
5163803;21;9
4718286;43;9
4625288;25;9
4004140;43;9
4221440;33;9
4504588;2;9
1807660;43;9
4034453;20;9
4141056;15;9
3174578;25;9
3334933;29;9
4847996;7;2
4277884;25;9
4223580;4;2
4456786;16;9
4967906;20;9
4362165;16;9
4395962;12;9
4489707;39;9
1447358;51;9
2596706;56;9
4363104;32;2
4110901;1;9
5132653;14;9
1385773;46;9
5081079;19;2
3869514;28;2
4281684;39;2
1983791;3;9
4117118;12;9
5061523;32;9
4021935;18;9
5319957;14;9
2671960;6;9
1887386;40;2
3683480;14;9
1516486;48;9
4378906;68;9
4603697;8;9
3679623;1;9
4451850;32;9
2542327;43;9
1952900;33;9
5242273;32;9
4236404;10;9
4435942;46;9
4450766;36;9
1807401;20;9
3567382;17;9
3265586;6;9
4560449;17;2
5141157;40;2
3145575;3;9
4050946;46;2
1072843;32;9
1406380;69;9
2772609;12;9
4948354;43;9
2652756;38;2
4452935;27;2
4537200;25;9
4463517;25;9
5062206;48;2
3400691;25;2
1578742;20;2
3781050;9;2
4399470;45;9
4271388;34;9
4469107;38;9
1835898;18;9
2779654;56;9
2691957;32;2
3620451;39;9
3886902;43;2
3144904;17;9
5345226;8;9
3935588;6;9
4388652;16;9
2846238;53;9
3852879;37;9
3248790;48;9
3991726;46;9
5452673;45;2
4554839;21;9
4522236;19;2
5227232;21;9
2563952;22;2
3286982;25;9
4668403;1;9
2012486;22;9
4852068;44;2
3846631;8;9
4965434;8;2
4307403;28;9
4210171;44;9
4464873;32;9
4423295;21;9
4440132;21;9
2872616;8;9
5164787;44;9
3969461;14;9
2912113;34;2
4408674;34;9
4241382;21;2
4516494;10;2
1350939;43;9
4940516;32;9
4055933;1;2
4971359;43;2
3212881;6;9
1877069;1;2
3281418;44;2
2008391;47;9
5551068;8;9
3919381;25;9
4089693;2;9
3281129;12;9
1788635;22;9
4941351;26;2
1822737;10;2
4519363;34;2
1519101;24;9
3014624;8;2
4100920;44;2
2871205;38;9
5371806;12;9
4824492;8;9
3681073;25;9
4151707;4;2
3811121;10;2
3873897;14;2
3346590;28;9
5677855;43;2
2510542;22;9
3308692;19;9
4177583;9;9
4277245;23;2
4891873;21;9
5121121;40;2
4358702;5;2
2758640;7;9
3709034;10;2
1085374;17;9
3306188;20;9
4358144;21;9
4707853;27;2
4309772;38;9
3283159;18;2
4332496;6;9
5257552;52;2
3388390;18;9
2853755;1;9
4480076;30;9
4497099;10;9
2554230;56;9
3802043;46;9
4367277;35;9
4845944;14;9
3923603;1;9
4496191;20;9
1257395;14;9
2767583;67;9
3924058;37;9
4511503;37;9
3109737;45;2
4145526;20;2
1904248;40;2
5152205;44;9
3020359;9;2
4357367;35;9
2663446;20;9
3800715;62;9
5381111;44;9
3836486;28;9
839371;44;2
3683673;12;9
3082459;15;9
4475294;48;2
1520496;6;9
4467955;34;2
3619546;39;2
4548726;12;2
3665536;13;9
4123985;29;2
4156332;43;9
4479217;17;2
5106395;44;2
4111897;7;9
3852529;20;9
4997024;44;9
4672290;14;9
1871802;4;2
3282575;14;9
3168849;28;2
3027418;6;2
4353026;44;2
4497574;6;9
5233122;48;2
2653386;21;9
5355671;7;2
2555655;25;2
5362162;8;9
4166538;12;9
4433142;3;9
2675961;67;9
1759939;27;2
4915837;40;2
3926719;47;2
4377556;21;2
4628124;44;9
4470062;34;9
2827693;67;9
5614191;19;2
4239994;25;2
1180027;16;2
3384810;19;9
3179076;27;9
2518651;25;2
2928921;20;2
4550298;23;9
2667926;44;9
3943911;12;9
4756275;21;9
4768402;12;9
5215531;43;2
4503203;28;9
1512354;12;9
4269354;25;2
3184743;43;9
4404628;21;9
3988727;6;9
1870828;66;9
1432379;9;2
4651102;27;9
5883383;47;9
1454035;20;9
2865405;15;2
4518043;23;9
4148648;4;2
1777708;67;9
2890562;22;9
1571186;18;9
4898246;8;9
4250458;45;9
5506835;8;9
4838591;19;2
3981960;28;9
4344272;30;9
2567487;48;9
3630076;3;9
4329531;42;9
5128573;40;2
4479946;47;9
5503615;27;2
2953528;22;9
4293851;37;9
2778486;9;2
2887800;18;2
2555357;25;9
4408105;6;2
4731973;40;2
2547789;15;9
5127896;1;2
4235921;2;9
1994794;53;9
3606896;66;9
4827916;19;9
2607239;25;2
4097022;12;9
4271724;27;9
4486811;17;2
4264016;21;9
4224010;19;2
2829006;57;2
3002365;4;9
4654039;31;2
1767355;56;9
4675880;1;9
4707221;8;9
2987293;28;2
3955727;3;9
4688853;40;2
4188243;25;9
3883699;44;9
3843819;43;2
5364787;43;9
4364071;5;9
3234674;31;2
4154744;29;9
2660284;47;9
816076;51;9
4048268;9;9
3855082;25;9
2897212;4;9
2532975;34;2
4183050;26;9
4404901;25;2
3887678;6;9
3732563;20;2
4373893;48;2
1670499;2;9
1510470;66;9
4215558;15;9
3460840;55;2
4183628;42;9
4218996;30;2
5074372;25;9
1827787;2;9
4479299;45;2
3187035;32;2
4001672;42;9
5416589;14;2
5055687;19;9
4148572;2;9
2699411;14;2
3237009;46;9
4386625;20;2
1676675;33;9
3978253;43;9
3362773;25;2
2572891;62;9
1409600;62;9
1064548;44;9
4256041;19;2
4419384;56;9
4818728;32;9
1195811;14;9
2645566;3;9
3054143;6;9
1882264;68;9
3833321;2;9
2004565;43;9
2665067;36;9
3082095;40;2
1413626;18;9
2617871;17;9
1970852;41;9
3626126;37;9
2578850;15;9
4094676;34;9
5169302;19;9
2942538;39;9
4235903;53;9
3710640;8;2
4832529;19;2
3297877;31;2
4314371;24;2
3422685;46;2
1686120;39;9
4492229;32;9
2744340;24;9
5316896;21;9
5367352;32;9
3893831;10;2
1374447;22;9
5030997;32;2
4109087;31;9
4790931;14;9
2645221;17;2
3338532;44;2
4308687;46;2
4215902;38;9
5591513;6;9
4470202;32;9
4886269;8;9
4016242;44;9
3251993;20;2
1873254;18;9
4956225;45;2
4252554;48;2
1653822;15;9
4302151;6;9
4496327;44;9
4389758;39;9
5055603;53;9
4828452;44;9
4503483;9;2
3506060;24;9
4344107;18;9
4264421;7;2
4331965;24;9
4535534;42;9
4474417;4;9
4065938;46;2
1316312;25;9
3406108;14;9
5291303;44;2
3208573;26;9
3802498;6;2
3526810;45;9
4839129;14;9
1738978;28;2
4461051;12;9
3648946;43;9
1714619;35;2
4430237;4;2
1234316;20;9
3215550;24;9
1673202;68;9
3656291;25;9
4059861;23;2
638359;17;2
1069668;6;9
4770159;8;2
3226028;22;9
1980434;12;9
3148892;43;2
1817965;56;9
3966279;21;9
4949960;25;9
4206369;6;9
4066274;38;9
4468753;44;2
3111367;34;9
4676821;17;9
4092429;21;9
4910294;15;9
1675002;3;9
3610621;40;2
5256301;8;9
2691838;47;9
3050593;40;2
4966948;21;9
2767587;62;9
4458808;6;9
3364144;28;2
3522276;6;9
4888358;19;9
4525316;10;2
1511524;41;9
3849033;67;9
3042628;34;9
4132541;62;9
1834244;28;2
993688;43;9
3995100;7;9
4131454;6;2
3028156;40;2
4013446;47;9
4486752;25;9
4826599;14;2
5510955;1;2
5431311;6;2
3924155;4;9
2738765;45;9
4730480;44;9
5033418;44;2
4819168;8;9
1150064;3;9
3914944;34;9
1905749;46;9
1528928;67;9
4521854;14;2
1450002;12;9
4947651;20;2
3350219;14;9
4406650;14;9
4032675;32;9
4499717;28;9
3965130;35;9
3642235;32;9
4531222;23;9
2854957;22;9
3834654;7;2
5191344;25;2
4451545;6;9
5211659;25;9
4319799;30;2
1914690;28;9
4304323;47;9
1806514;23;9
3611265;40;9
4247090;23;2
4605090;25;9
943568;62;9
5268202;26;2
4197023;25;9
3186202;5;9
955996;28;9
4397618;29;9
2620817;4;2
4318886;10;9
1585310;46;2
4721784;32;9
4224420;47;9
3851557;4;9
4189643;66;9
3216786;38;9
3867010;1;2
4297387;6;2
4500249;2;9
2001703;18;2
3491408;25;9
4951113;14;9
4129367;28;9
3398006;28;9
4523803;43;9
4394414;20;2
3306524;48;2
2538719;32;2
3450007;15;9
2611672;32;9
2845441;39;9
3358027;40;2
4312900;21;9
5388237;21;9
3190343;15;9
3491205;21;9
4515214;21;9
1577464;43;2
2855307;44;9
1364058;27;2
4507471;33;2
4535383;34;9
4389031;38;9
4219410;44;2
3155831;47;9
4555784;26;9
1470631;28;9
4210257;62;9
5499467;21;9
3050051;25;2
3223721;7;9
4205206;45;2
4533774;34;2
3884823;20;9
4486795;44;9
4535454;56;9
3890969;19;2
3399593;2;9
4691149;6;9
4703469;10;2
2702982;1;9
5410151;44;9
3691204;2;2
3520840;27;2
1273362;10;9
2707088;44;9
4155588;2;9
1695180;56;9
3097208;30;9
1995476;6;9
1560197;25;9
3252474;47;9
3826435;21;9
4327286;41;9
3553014;28;9
2863880;44;9
2909747;24;9
4667888;1;2
3709029;43;9
4547362;27;9
5291681;44;9
3448753;30;9
1246408;20;9
4505258;44;9
1834474;2;9
4840932;14;9
4483001;42;9
4853051;33;9
3284458;18;9
4762262;51;2
4925771;16;2
5323956;43;9
1555098;28;2
4196109;43;9
1973403;6;9
3298110;69;2
2937318;40;2
4243773;6;2
1596790;6;9
2968527;3;9
3891616;24;9
3810985;25;2
4179393;2;9
4746397;8;2
4560632;3;9
2875892;3;9
2635383;6;2
1595310;43;9
2756527;1;9
3990628;34;9
5465304;43;9
4564605;8;9
5132417;51;2
4302081;33;9
3511697;48;9
1399172;51;2
1485308;17;9
4684143;19;9
2726495;62;9
4457917;14;9
5460992;8;9
1844090;4;9
1800160;1;2
2728232;37;9
5391823;6;9
2719105;2;9
1866591;25;9
4366828;24;2
3857563;40;9
2013178;20;2
4344794;12;9
4540876;46;9
1801710;2;9
3475560;20;9
1802039;32;2
1036944;28;9
4638350;8;2
3381447;8;2
4901804;21;9
1919885;39;9
4170948;46;9
1149755;6;9
3985267;19;2
5425692;28;9
1469183;27;2
3479567;2;9
2618196;15;9
4777204;21;9
2810297;39;9
3656533;14;2
3247635;23;9
5397724;14;2
3860779;59;2
4492629;28;9
3763466;30;2
5359506;40;9
3921336;24;9
4626423;14;9
1327614;48;2
4862585;1;2
2880874;12;2
4376403;44;9
2796535;44;2
3254443;44;2
3801849;6;9
4287823;44;2
2971775;6;9
4332120;33;2
4721223;12;2
3478773;31;9
3347379;10;9
4599891;32;2
3363606;39;9
2611684;67;9
4291085;27;2
3800602;59;2
4504748;20;9
1745837;4;9
4806111;19;9
3271230;21;9
4482698;21;9
3762447;69;2
3792791;2;2
3460947;34;2
4894211;8;9
4179485;32;9
4880504;6;9
5003433;59;2
4438638;33;9
2898067;25;2
4634791;40;2
3330820;7;2
5005638;20;2
4316027;9;9
1653418;43;9
3230854;25;2
4148517;32;2
3983281;45;9
4193332;42;9
3895311;32;9
2980532;24;2
4117346;21;2
3763482;46;9
4050836;21;9
5382210;28;2
2539462;24;9
1964062;8;9
4530236;24;9
4353461;6;9
4629548;28;2
4077382;34;9
3989113;23;9
5597299;8;9
5013625;32;9
3822097;43;9
3336210;6;9
4458528;24;2
4054076;48;2
4474030;7;9
2731827;46;2
1930745;56;9
1953846;46;9
3709298;25;2
3291655;30;2
3884752;40;2
5251719;21;9
3748205;6;9
4704743;44;9
4205465;20;9
1831407;23;2
3684133;20;2
4535348;19;9
3513170;21;9
2851274;27;2
5254507;27;2
3151859;4;2
2791632;6;9
5067548;66;9
3488986;41;9
5197925;44;9
4708821;31;2
5264976;32;9
3840900;8;9
4386848;22;9
4732773;17;2
3905757;44;9
2733781;44;2
2934533;7;9
2604551;41;9
4371754;4;9
4704951;44;9
2686490;43;9
3708264;44;9
5177733;66;9
2951696;24;9
2979172;17;2
1588824;67;9
5426715;20;2
3285548;1;2
1127946;28;9
4199287;44;9
3110633;20;2
4861689;6;9
4056248;33;2
4501597;28;9
4407772;6;9
3819231;20;2
4216698;33;2
4104379;19;9
4512891;34;2
3903163;9;2
4861857;66;9
4008932;46;9
3230865;43;9
4188537;39;9
1813301;19;2
3403212;32;9
1941275;22;9
4419127;43;2
4846854;19;2
4412254;15;2
5203086;21;9
1509305;12;9
1964260;48;2
4647649;43;9
2580401;30;9
4988995;19;9
4348890;40;2
3052557;21;9
3617227;46;9
1486342;62;9
5104523;8;9
4496204;19;9
4303852;25;9
3190397;7;2
4292362;48;9
3084735;12;2
4419827;34;9
4678104;43;9
4156573;32;9
3157129;4;2
4559871;8;9
5243915;67;9
4506549;21;9
3596585;24;9
4206265;47;2
4102363;46;9
4350877;27;9
5341687;2;9
1653993;40;2
3885816;8;2
3165912;28;9
4287567;19;2
4245622;44;9
4127509;43;2
2946917;27;2
1239026;62;9
4113970;4;2
4250449;25;2
4411443;10;9
3954668;15;9
4551690;14;2
4205480;25;9
3673070;6;9
4670475;43;9
3964128;27;2
5394383;21;2
3420027;19;9
4155788;40;9
2857749;43;2
1970504;1;9
5017263;8;2
4284467;19;9
4273055;20;9
2677357;8;9
977969;43;9
1148538;51;9
984622;3;9
4841410;32;2
4687642;32;9
3263350;9;9
4253993;23;2
4309135;19;2
2532646;1;2
4282369;28;9
4170320;6;9
1813561;11;2
3880396;34;9
1735836;12;9
2666449;66;9
2523182;8;9
3345247;15;2
3468314;2;9
5097683;32;9
4346831;31;2
3727870;43;9
5246362;62;9
3980736;46;9
1993630;16;9
1911897;6;9
4539226;15;2
3377884;9;9
4047985;32;9
2012964;12;9
4137868;3;9
3686226;28;9
874513;19;9
5134764;12;9
4873753;32;9
4483741;46;2
1621604;24;2
1800544;24;9
3358010;28;2
3550622;42;9
1768072;17;2
2801511;3;9
4404416;43;9
4518930;19;9
2583984;24;9
3979431;17;2
3826184;21;9
2524754;29;9
4746542;12;9
3914179;37;2
5333246;21;9
1470624;21;9
4493075;28;2
5042064;20;2
1184338;53;9
4344519;37;9
4179687;47;2
4320815;29;9
4195743;41;9
5295706;1;2
5257659;43;9
1491991;43;9
3657831;20;9
4172325;13;9
3480843;36;2
4611941;21;9
2968190;62;9
2518804;28;2
3621641;14;2
1826261;37;9
981938;44;9
3871850;21;9
1457008;24;2
2646349;6;9
3636004;17;2
4541357;46;9
2510521;8;9
4277270;20;2
4917878;39;9
4299497;2;9
4549210;19;9
1736872;39;9
1905661;25;9
3995070;24;9
4524807;24;2
3793235;14;9
5031234;12;9
2944381;66;9
3976938;11;2
1288909;7;2
4107900;66;9
4890545;43;2
1704495;41;9
4236046;17;2
4357205;17;2
1805904;62;9
865601;14;2
4892142;28;2
1470286;68;9
5303903;48;2
4457505;15;9
4102901;8;2
1672609;20;2
5173927;25;2
1258946;1;2
1522247;7;9
4241841;43;2
4364993;34;2
3415918;6;9
3584030;25;2
3209684;2;9
2524445;40;9
3647455;39;9
3972364;10;2
712209;6;9
4548499;27;9
4836729;19;9
4290913;39;2
1988183;39;9
4625535;21;2
3179043;12;2
4821691;40;2
3710717;68;9
4466993;42;2
3907016;32;2
4382336;19;9
4216189;17;2
5254717;43;9
3969377;43;9
4420305;7;2
3361595;39;9
5260455;21;9
1348122;46;9
4363376;53;9
1669838;39;9
4779570;44;9
1260374;9;2
2515743;56;9
5603548;28;2
3291067;28;9
4224744;24;9
4161273;38;9
2879371;4;2
4305026;6;9
4029544;20;9
3037274;12;9
3716824;47;2
4551401;37;9
2644216;62;9
4171384;32;2
4189951;18;9
4973724;17;2
4640454;43;9
3211848;68;9
3320620;2;9
2581637;23;2
4436825;32;9
1437117;40;2
5076216;14;9
4535284;26;9
3452172;19;9
1561860;28;9
3675396;42;9
4594787;43;9
4817672;28;2
5337491;24;9
1023440;39;9
2938632;22;9
1095289;17;9
4088489;30;2
4214230;9;9
4430742;4;9
4227436;10;9
4918814;6;2
4612200;27;2
3263426;9;9
4824678;22;9
5472608;44;2
3691206;6;9
4303373;37;2
3490917;30;9
4607629;32;9
5481232;44;2
2801341;37;9
1838939;33;9
3717182;7;9
3593754;21;9
5125388;14;9
2602925;66;9
2679674;32;9
4467358;25;9
4343452;25;9
5532979;25;9
3686061;41;9
1355766;15;9
1277469;6;9
1660770;22;9
1996944;19;2
4401799;21;9
4142435;1;2
3204678;8;2
2817242;24;9
4189059;25;9
4323754;45;9
1250086;19;9
4385917;7;9
4468754;38;2
4541046;24;9
3856806;39;9
4562331;21;2
3922683;9;9
5066900;25;9
2560033;41;9
1722337;46;2
1110996;17;9
4936029;68;9
5478502;14;9
1562959;41;9
4466532;17;9
3220968;12;2
4303017;40;9
4409235;5;9
4395122;36;9
2947134;41;9
3830039;46;2
3795837;31;2
4064906;8;9
4283674;46;9
4024429;19;9
5077664;28;2
5626464;8;9
4820822;3;9
2566324;68;9
4853594;27;2
4696135;40;2
2756839;38;9
4911979;40;2
4353600;25;2
2887453;9;2
4440352;44;2
4397931;39;9
4601822;8;9
3372312;2;9
2661267;9;9
3770206;21;9
5385214;19;9
4214160;23;2
4404204;41;9
1802599;34;9
4419110;53;9
4977524;32;2
3621215;2;9
4970177;41;9
5096665;21;2
3320632;26;9
1128469;10;2
4530560;34;9
3854978;46;2
5042398;19;2
1358918;2;2
1494030;48;9
3558618;19;9
4466413;21;9
1144619;17;9
1006875;33;9
3930460;2;2
4149374;21;2
1822605;32;9
4515613;5;2
3877614;43;9
2969620;42;9
2703000;2;2
5290395;44;2
4020661;2;9
3621306;68;9
1938358;14;2
3733090;12;9
4387591;46;2
2825503;2;9
4430939;34;2
4480678;5;9
4518745;43;9
4863293;19;2
2660653;22;9
4320584;23;2
4569337;25;9
4049286;41;9
3495329;44;9
3458046;30;2
2617550;43;9
4241686;19;2
3806715;3;9
4423640;10;2
4719397;14;2
3737295;39;9
1970459;10;9
1915101;68;9
4322412;23;9
3267905;12;9
2024370;37;9
3525362;25;9
1910684;1;9
4783766;43;9
1799601;48;2
3742483;18;9
4718344;44;9
3557586;38;9
1647029;41;9
1926331;53;9
5098478;15;9
4590123;43;2
4744365;44;9
1758066;3;9
1068078;24;9
3962114;47;9
5061042;20;2
3898561;4;2
2981849;22;9
2972294;19;2
1963480;14;9
2660391;6;9
5171304;43;9
3739143;6;2
1581077;68;9
4449717;34;2
5313995;44;9
4986450;19;9
4495660;13;9
5585331;2;9
4697316;44;2
5550819;66;9
5516006;14;9
4077062;32;9
5376161;25;9
3881568;46;2
4738819;43;9
4359553;9;2
3833837;32;9
2599309;4;2
4340719;35;2
1736698;34;2
4383967;43;9
1345613;44;2
1360243;47;9
2970572;15;9
2806034;4;2
4527438;20;2
3317767;10;2
5172974;25;9
3601096;27;2
4980918;19;9
3828230;17;2
5497885;14;9
3031093;39;9
5095715;32;9
3939278;36;9
4954885;33;9
3406915;24;2
1977460;26;9
2991654;18;9
4388560;27;9
1456196;41;9
3999517;7;2
3955782;20;2
1907206;19;2
3813241;45;9
5283408;6;9
3662363;21;9
4158821;17;2
1872561;4;2
4083342;7;9
2936811;33;9
5355833;21;9
4186887;31;2
2830101;2;2
4226867;25;2
5311931;39;9
4179305;46;2
1851355;6;9
5602970;28;9
4274851;37;9
4696444;6;9
4645488;21;9
4371569;1;9
3182057;25;9
2506259;25;2
2804671;30;9
2824065;26;9
1322117;24;9
3372157;19;2
3927501;14;9
5043146;6;9
4444966;24;2
4324591;1;9
5621020;62;9
4180190;27;2
5026033;43;9
3693465;6;2
3717764;10;2
2902128;56;9
3283110;45;2
5085546;43;9
3333048;32;2
1124362;28;9
2926093;10;2
1321785;29;9
4917096;44;2
1813779;18;9
4826591;43;2
4774500;67;9
5141726;62;9
4718374;56;9
4399902;24;9
4368165;66;9
2609060;2;2
4788209;20;2
2624372;53;9
4179911;8;9
3717155;44;2
2884688;39;9
3969580;4;9
5033846;25;9
3912863;37;9
4461205;45;9
4403343;23;9
3656308;25;9
3543221;12;9
1531588;17;9
4502337;4;2
4966653;1;9
4196865;26;2
4028798;12;9
3831768;66;9
4160664;6;2
4027241;21;9
4550193;19;2
5453344;8;9
1395460;27;9
1323414;38;2
2547162;9;9
4302377;2;9
5094129;20;2
4390269;11;9
1109022;25;9
5792037;40;2
4553269;19;2
4750712;25;9
2502694;28;9
3663557;36;2
4326379;27;2
5042058;43;9
2775070;47;9
2914542;6;9
5285311;44;9
4698256;8;9
4213166;15;9
4255487;12;2
2026623;3;9
5136111;2;9
3725136;27;2
4779444;3;9
4401678;35;9
3615970;41;9
4356655;28;9
4882125;20;2
4485694;20;2
4939524;14;2
3074254;14;9
4279082;2;9
2639953;67;9
2922829;17;2
3447828;28;2
4374973;20;2
2647045;7;9
5352715;15;9
3231109;27;2
4537604;19;9
2743895;7;2
4707601;44;9
1725234;27;2
2919259;2;9
4328049;38;9
4924987;6;9
4304704;62;9
5221206;15;9
3253502;25;2
4878032;8;9
4897165;32;9
1900684;10;9
3089327;28;9
1972881;12;2
4444812;14;2
3479769;27;9
3698498;23;2
4103875;27;2
3654981;9;9
5400924;3;9
3457521;42;2
2663352;27;9
4859352;20;2
4476029;27;9
3798574;4;9
2751368;36;2
1786965;39;9
3117937;27;2
4529348;4;2
3323780;27;9
1651186;62;9
4490291;10;2
1635475;16;9
4275733;15;9
4197899;20;9
4405377;19;9
3169725;25;2
3142494;39;9
2506389;46;9
4473754;2;9
4022962;22;9
1061373;5;9
1753220;62;9
3156715;35;9
1999954;41;9
4432240;38;9
4717124;43;9
4355157;48;9
1892660;12;9
1250818;28;9
2969842;43;9
4049811;8;2
5340994;44;9
3030597;30;9
4705406;19;2
2567842;2;2
4338986;31;9
4264740;27;9
4337843;37;2
5355156;19;9
4317982;28;2
5102796;12;9
1962494;10;2
5499059;19;9
3443106;6;9
4612201;37;9
4128137;9;9
4401096;47;9
5224889;53;9
5271050;56;9
1014428;47;9
3742781;44;9
4342594;34;9
4470618;6;9
5221815;8;9
4667400;32;9
1678910;5;2
4373779;47;2
4590415;6;9
4108329;4;2
3236030;48;2
5204009;14;9
5452674;14;2
5529183;22;9
4136142;19;9
2633437;25;9
4624213;8;2
4891806;21;9
5157132;14;9
3159020;39;9
3778826;6;9
4349280;21;9
5125262;32;2
1990183;28;2
3741760;37;9
4686230;43;9
1923727;44;9
2551386;22;9
1864603;28;9
3910563;2;2
5373481;32;2
4866580;14;2
3799751;24;9
5060313;56;9
5309537;19;9
1904625;53;9
4176382;40;2
4458352;46;9
1748841;10;2
2663323;25;9
1732056;15;9
5132742;8;2
3683884;14;9
3409189;2;9
2880704;43;2
4025231;23;2
4228391;48;9
1971361;17;9
4783760;14;9
3885788;8;9
3424185;46;2
3254036;10;9
4055812;8;9
3738699;28;2
1349263;16;9
4924309;12;9
2952062;21;9
4258096;2;9
4975541;32;2
4163289;21;9
6154626;6;9
1904403;22;9
774860;27;9
2574128;37;9
4327642;41;9
1129301;28;9
3039923;21;2
5632561;43;2
4407749;43;9
4248653;9;9
2722809;68;9
3682282;39;9
4525180;35;9
5075407;43;2
3980561;12;9
2603506;1;9
4223686;6;2
1269457;69;9
4497123;1;9
4675266;19;2
2992598;66;9
3415148;67;9
3664569;27;9
3448714;43;9
4162847;25;2
1956099;25;9
5406134;6;9
2795659;67;9
3885852;21;9
3993379;35;2
1986799;33;9
4301437;14;9
4655598;32;9
3588577;25;9
2644716;39;9
1826156;6;9
2957956;25;2
3035533;20;2
4450915;41;9
4245096;36;2
5114209;22;9
1105233;2;9
1643627;6;2
1828800;67;9
3641154;17;9
2854159;41;9
1237416;67;9
3915557;21;9
4740687;19;9
4445275;25;9
1852728;2;9
2898784;34;2
3417004;19;9
4353226;36;2
4653964;21;2
1231590;25;2
3968861;26;9
4114942;24;2
3363572;47;9
1917056;62;9
3775348;24;9
3070165;47;9
1160279;20;2
2909282;41;9
5035250;62;9
3715432;67;9
3063401;27;9
3906015;10;2
1409409;28;2
3587428;33;9
2727824;25;2
1823268;9;2
4539482;46;2
4372782;33;2
5410281;19;9
1603811;28;9
1760999;15;9
1847079;23;2
4425094;28;9
4079196;38;9
3984933;20;2
2616875;26;2
3974783;36;2
4395236;4;2
4611232;43;9
2637962;68;9
4278979;33;9
4421621;24;2
2674600;20;2
5070996;44;9
4043419;24;9
4318178;20;2
3815867;39;9
4312166;44;9
2916852;1;2
4368032;33;2
2814032;24;2
2830023;25;9
4082438;26;2
4605374;6;9
5462543;68;9
4268530;6;2
4241680;40;9
4359376;19;9
1888918;37;9
2661654;9;2
4255858;7;2
2604058;2;9
1547083;25;9
3948460;37;2
1439307;23;2
4271829;21;9
4479856;18;9
4298050;26;9
4322683;44;2
2706817;7;9
5191261;21;2
5060418;8;9
4921514;14;9
4822722;15;9
4248047;40;2
4299860;2;2
1810762;39;9
2690233;33;9
1357136;17;9
4400955;48;2
4251354;24;9
1596300;45;9
4200192;23;2
3256985;4;2
4207276;30;9
2658701;33;9
4782394;8;2
5283928;27;2
5306177;43;9
3831270;21;9
3335552;22;9
4020961;19;2
3970569;2;9
4363303;22;9
3142821;37;9
4256766;19;9
4532268;32;9
4116106;6;9
5038154;44;2
1501200;47;9
2648378;43;9
4198292;21;2
4381656;24;2
2734202;15;9
3941424;10;2
4050762;24;9
4857611;14;2
1972509;2;9
1528304;27;2
3730796;5;2
3301237;27;2
5306381;43;2
4505803;32;9
4695353;14;2
4264355;21;2
2789462;16;2
3178372;9;2
1969730;66;9
3787341;19;2
4245221;8;2
1016293;28;9
3788238;16;2
4502053;18;9
3570446;9;9
4302878;18;2
4429345;62;9
4229881;34;9
1337109;6;2
1716458;14;9
4040752;10;9
3725302;2;9
4747010;19;9
4250087;48;2
4551075;32;9
1919784;15;9
3841330;34;9
3322785;25;2
1778687;37;9
4416823;28;9
4359918;21;2
4257920;34;2
3604677;30;9
4408650;39;9
4090910;20;2
5684944;3;9
4130329;47;9
4319034;20;2
4337880;37;9
3622914;67;9
4933998;32;2
5118103;20;2
4354072;18;2
2852392;15;2
3575385;23;9
4823472;6;9
4855792;32;9
502637;46;9
3761225;20;9
1770416;29;2
4518185;14;2
4518567;25;2
4107325;26;2
5384453;43;9
3949841;17;9
4210695;4;9
4828522;6;9
2848596;15;2
4456070;32;2
4096734;8;9
4285850;39;9
3139499;39;9
5274545;8;9
2703847;41;9
1468724;9;9
4612327;3;9
3410881;24;9
4789566;21;2
3632405;19;9
4263593;28;2
3229940;28;9
4070249;16;2
4025208;21;9
1667066;41;9
4252611;30;2
1864216;9;9
4110728;40;9
3865110;24;9
4516502;37;9
3625521;2;2
2938105;20;2
1669579;6;9
3221587;43;9
1652621;32;9
4364529;46;2
1941201;6;9
1662058;56;9
1491214;25;9
5291778;6;9
1506121;53;9
4400848;9;2
3850955;8;9
3822333;22;9
1859452;43;9
3931304;16;9
4547335;30;2
2789442;27;2
3226476;16;9
2954733;68;9
1543955;10;9
1859731;37;9
3744047;5;2
4515297;38;9
4886695;14;2
4701132;43;2
2019858;6;9
1405835;1;9
3833817;36;2
3236393;24;9
1540595;33;9
816411;27;2
2825569;15;2
1953466;47;9
4503308;20;9
2021955;20;2
2008594;42;2
5615782;6;2
4514354;18;9
3095128;9;9
4561335;21;9
2574937;43;9
4796150;44;9
3226576;20;2
1313485;8;2
1573957;6;9
4000405;25;9
4498732;44;2
4329412;23;2
1872342;34;9
4527936;39;2
4530654;16;9
4010476;34;2
4172320;68;9
2592340;32;9
5375682;43;2
5620841;8;9
5057660;28;9
2634908;14;2
3275731;48;9
4260328;40;2
3876691;9;2
4094876;42;2
3460849;55;2
1892770;33;9
3547084;10;2
3472023;53;9
5263270;43;2
3306574;26;2
2686994;2;9
1941950;69;2
4297798;1;9
1782164;3;9
1306192;25;9
3108974;38;9
3378770;24;2
1997948;27;9
3074607;17;2
2547803;25;9
3625591;6;9
3498778;34;2
4348945;24;9
3040447;48;9
3790878;10;2
3908693;12;2
4432084;11;9
5307884;33;9
4132543;37;9
3156741;44;9
5298663;8;9
2729522;43;9
2934073;4;2
4553807;45;2
4495253;31;2
1404466;67;9
3904127;36;2
1683206;47;9
5417103;53;9
4177084;37;2
3723959;31;2
3997649;33;9
2618342;36;2
1755891;1;2
2832951;25;9
4409751;14;2
3831909;31;2
5282584;1;2
3787794;14;2
3362373;40;9
3124149;44;9
4193811;1;9
3720323;30;9
1080756;2;9
4491314;2;2
3920635;14;9
1613058;14;9
4300083;6;9
1415779;23;2
1137547;46;9
3809237;43;9
1976800;62;9
4392281;24;9
3717289;23;9
4169647;42;9
2771837;18;9
3169690;20;9
4292149;21;9
1024569;22;9
2822736;4;9
2725867;35;9
2665581;7;9
2757881;44;2
3925097;45;2
2599629;34;9
4369447;14;9
3621293;44;9
1094083;40;9
4421002;46;2
1603570;8;9
4553787;12;9
4946027;19;9
4510793;44;2
5132338;41;9
3770475;16;9
1917450;37;9
1824674;12;2
3063423;34;2
4434124;15;9
1744839;41;9
4522759;25;9
4537902;24;2
3182091;19;2
1865725;22;9
3751896;25;2
1972987;68;9
1664282;66;9
1555693;28;9
5160623;21;9
4377628;35;2
3985048;39;2
3787164;44;9
4353577;9;9
4186112;22;9
1741989;25;9
1674325;37;9
5124368;25;9
3612232;32;2
4188272;25;9
5106018;32;9
3853673;28;9
5176817;32;2
1948542;62;9
2591271;2;9
3827147;18;9
5333513;12;9
4097309;25;9
4441516;4;9
3528384;43;2
3315200;30;9
4078884;32;2
3975694;37;9
1489923;3;9
1769029;25;9
893310;24;9
2526317;28;9
1548113;53;9
1655444;47;9
1174780;1;2
3936200;6;9
3396607;17;9
2556219;1;9
1433772;10;9
4298598;45;9
3904511;46;2
4163099;14;9
4453257;44;9
1287435;14;2
3220457;14;2
1994138;12;9
2939895;44;9
2898052;44;2
5294116;12;2
4196531;43;9
4808085;21;9
1199561;24;9
4639027;27;2
2955292;67;9
4209239;40;9
1919980;33;9
3183175;39;9
4243392;26;9
4541890;10;2
2607542;40;2
4114590;20;2
4603736;20;2
3403025;40;2
4126321;9;9
2584336;39;9
4508764;2;9
3347698;12;9
2649613;30;2
4210601;43;9
5070916;21;9
3879530;15;9
2600596;25;9
1626944;25;2
4040901;27;9
3725688;15;9
2591908;23;2
1930175;43;2
2615829;3;9
4296173;6;9
2610941;68;9
3054581;25;9
4159416;31;2
2928386;30;9
3738067;38;2
2646649;31;9
1703070;1;9
3655016;28;9
3903735;43;9
4332039;12;9
2931473;37;9
5234564;24;9
3223671;25;9
5350639;12;9
4628937;1;2
4039639;34;2
1203897;6;9
1593785;19;9
3834266;46;2
4013406;48;2
4697736;44;9
3989615;28;2
1543870;14;9
2732542;43;9
1911435;15;9
1477153;67;9
4976425;25;9
2698557;27;9
4649561;15;9
3081987;56;9
1883059;6;9
4233193;17;9
3196277;10;2
5281871;14;2
1718795;32;9
1739395;18;9
1602111;39;9
1910867;41;9
3615357;28;2
2590510;20;2
3710781;32;9
1920632;19;2
2616489;10;2
3826089;10;9
2636451;24;9
3775943;46;9
3799730;27;2
4066508;38;9
4389694;28;2
1771841;11;9
4116255;40;9
3422627;17;9
3288071;15;9
4822287;8;2
3584467;21;9
3324148;21;9
3918553;17;2
5365559;21;9
4300606;24;2
4444786;23;2
4450309;21;2
1508304;56;9
5075444;14;2
3392690;1;9
3590976;39;9
1305357;9;9
2932234;3;9
4961532;25;9
5303279;19;9
1767223;53;9
4489252;24;9
4079257;12;9
2792893;2;9
3931445;12;9
4309583;21;2
1931513;35;2
2531888;2;9
2573513;37;9
4439501;39;9
2839260;15;9
5426776;21;9
5457142;21;9
4126245;23;2
5161465;32;9
5055698;21;9
5102624;19;9
4232892;20;2
1931215;25;9
2997836;15;2
1804214;67;9
1835656;6;9
3981102;45;9
1584821;48;9
4660267;25;9
4744182;43;9
5250712;25;2
1931697;48;2
2765802;68;9
4168989;39;9
4292012;25;9
5176020;32;9
4209780;10;2
2912366;43;9
4437582;43;9
4628469;8;9
3136023;19;9
4624960;21;9
4452974;6;9
4005763;27;2
5262198;43;9
4186211;2;9
2944207;46;9
4298461;41;9
3689995;24;9
4749589;44;9
4584959;43;2
3623073;6;2
1838541;15;9
4433659;43;9
4072453;67;9
3120835;44;2
4019518;47;9
4250221;24;9
1329796;6;9
3714026;39;2
1148910;27;9
4003398;35;2
1287852;2;2
3919963;5;2
1788433;19;9
3979769;39;9
4336476;23;9
5126542;19;2
4421151;2;2
4131075;12;9
3805009;12;2
1921464;39;9
3954358;4;2
4912546;8;9
4357692;25;9
3649689;2;2
1984864;43;9
4381731;8;2
3421512;10;2
4489747;22;9
2694366;53;9
5145202;32;2
3589422;48;9
4374912;43;9
3211911;7;2
4522133;27;2
4879806;14;2
3317025;14;2
2548961;33;9
4031117;20;2
3358738;18;2
2669781;22;2
4224934;20;2
3335414;19;9
3833966;19;9
1769529;66;9
4318500;15;9
3244635;19;9
1402020;2;9
2016614;41;9
4548375;39;9
4018563;21;9
4507721;38;2
1719055;28;9
1604977;7;9
3879900;24;9
4628405;27;2
4416574;1;2
4817510;6;9
4071762;9;9
3351134;27;9
4884385;56;9
2752686;25;9
4496000;30;2
5779574;33;9
1945181;7;2
3932716;34;9
3772454;47;2
5607238;14;9
4389299;31;2
4557441;25;9
3196022;12;9
4349588;4;2
4073572;12;9
3845252;41;9
4277554;30;2
3871574;28;2
4780931;6;9
3595427;16;9
4176326;25;9
4320099;25;9
4196558;43;9
2752682;15;2
4794741;14;2
2781365;25;9
4269562;47;9
4627311;6;2
4341752;2;2
4100126;9;2
4857586;14;9
1856576;3;9
1610506;53;9
4905405;67;9
4294362;27;2
3969845;33;9
3762763;1;2
4721911;19;9
1720705;2;9
4186236;34;2
3067299;20;9
4120304;19;9
4988169;27;2
1890908;3;9
3828652;12;2
4012135;62;9
2961680;34;2
3210050;32;9
4579256;25;2
4040586;21;9
4267866;19;9
4736030;8;9
3798099;7;2
4567436;21;9
3150373;16;9
4929194;27;2
4375598;44;2
4406562;21;9
4286457;32;2
1423054;43;9
4068883;20;9
5311683;21;9
1933906;66;9
3115736;18;2
1967662;25;9
1890940;15;2
3886909;25;9
3899982;34;2
4358902;39;2
1475049;17;9
2802105;16;9
1603260;22;9
4179047;25;2
3764619;36;2
3863354;20;2
4510154;44;9
3537443;39;2
4335304;2;9
4022616;39;9
1763078;22;9
4188754;40;2
3015489;2;9
3219424;45;9
1404920;51;2
1181332;12;9
4015825;38;2
3997430;12;9
3383090;39;2
5324697;25;2
4885656;66;9
3954886;14;2
3552180;38;2
4649553;32;9
1892006;17;9
1869790;56;9
4449472;12;9
1207411;27;9
2693031;22;9
3500570;2;9
5015539;43;9
4714525;43;2
3632337;6;2
2522846;25;9
4482268;9;2
3249626;27;9
2768862;37;9
4646317;21;9
3550094;14;9
1313748;41;9
2003618;32;2
3036682;14;9
1588935;62;9
1779971;19;9
4453109;5;9
3607139;34;9
4135295;40;9
3334216;46;9
2667961;1;9
5283136;14;9
2606311;48;2
4530170;19;9
4825905;44;9
1963374;46;2
1948227;6;9
1412094;37;9
3904797;20;9
4350737;17;2
5124618;8;2
4268618;24;9
3890320;32;2
2529254;43;9
1883707;62;9
2710448;18;2
1419165;43;9
1782147;44;9
1846516;25;9
6125931;7;2
3923325;28;9
4263200;67;9
3424433;45;9
3478924;34;2
4777350;8;9
4102763;25;9
2650070;14;9
4011051;43;9
2989428;56;9
4344141;28;9
1284341;7;9
4879500;14;9
3130380;2;9
2734498;33;9
5196134;68;9
3164876;34;2
1842948;53;9
3144826;4;2
4302100;5;9
2871690;43;9
1069020;12;9
3993540;18;2
4223668;11;2
3208631;10;2
2675533;4;2
2851792;8;9
5084165;32;2
4846444;39;2
4159588;9;2
2771251;3;9
1761199;33;9
3979819;22;9
1522375;25;2
2715820;24;9
1853140;43;2
4181669;3;9
4019720;6;2
1440888;22;9
3698878;12;9
4508987;16;9
4901109;68;9
2737529;22;9
2614952;10;9
1862939;24;2
1180457;1;9
3427104;37;9
3422071;5;2
3137979;28;2
3403716;21;9
4546910;25;9
3686768;6;2
4155925;25;9
2559944;2;2
4439026;44;9
4642224;3;9
1984582;12;9
4294083;21;9
1833781;62;9
1749779;2;9
4011875;23;9
4353238;39;9
2022160;68;9
4897979;7;2
4584693;66;9
5151993;14;9
2884775;40;2
5315435;44;2
4634708;8;9
4685082;14;9
4414261;39;9
3821256;30;2
4410042;15;9
4538700;39;2
2772808;7;2
4031195;56;9
4044992;45;9
2504498;46;9
4320271;21;9
1948350;67;9
4054017;6;9
4000345;17;2
3984583;23;2
1870676;30;9
1629249;66;9
4358810;40;9
1811389;17;2
4489424;42;2
1464387;20;2
5457656;28;2
3188021;46;9
4516141;9;9
1917772;3;9
4994854;6;9
3478772;39;9
4492237;30;2
3425681;10;2
3005646;25;9
3770705;1;9
3997636;47;9
5249198;44;2
3904262;25;2
4469918;40;9
4075163;17;9
3370180;17;2
5122725;53;9
4366354;46;2
2776886;39;9
4912393;14;9
3192023;41;9
4496726;33;9
4113324;2;9
4367446;6;9
3599260;44;2
1905163;56;9
4355443;44;9
2989768;25;9
2826413;30;2
1787858;1;2
2014292;25;9
4099366;28;9
2833843;37;9
4522734;5;9
4156189;23;9
4036222;20;2
4480181;42;2
4650303;6;9
3187918;45;9
3195520;27;2
2757102;1;2
4260637;5;9
3855181;10;2
1443433;51;9
4176124;37;9
1287094;53;9
2801684;15;9
4251497;4;9
4616192;39;9
4734880;67;9
4249977;9;2
3860258;13;2
5345418;17;2
4730140;6;9
5345148;3;9
2549079;47;9
2851252;9;2
3926354;20;9
4349408;25;9
4638140;20;2
1529783;62;9
1552998;66;9
3783394;28;9
3295763;22;9
5079480;2;9
2960802;23;2
4692282;12;2
1194134;25;9
3840574;10;9
1543383;47;9
2581580;23;9
4962884;19;2
4310436;59;2
4610400;12;9
4246221;21;9
4041801;25;2
1468303;6;9
4857572;22;9
4247178;21;2
1268278;28;9
4351973;34;9
4505975;45;2
4171380;44;9
3473856;39;2
5285985;25;2
2613980;40;2
1751482;67;9
3112898;14;2
1834159;28;2
1164575;15;9
3853431;43;9
1803013;68;9
3370884;53;9
3642657;44;9
4469592;24;9
3976399;47;9
3933997;25;9
3008130;11;2
4158706;24;9
2834403;24;9
1817289;22;9
4272459;4;2
2846485;28;9
1731429;20;2
3220787;62;9
3879100;14;9
3274664;2;2
4580793;19;9
1441345;53;9
3492440;4;2
4660641;28;2
3996171;46;2
5622870;37;9
4617978;40;2
1753270;37;9
4580227;53;9
2808578;47;9
4417318;34;9
3175289;30;2
3607668;44;9
4122383;68;9
1729205;37;9
4531238;21;9
2681110;37;9
4882936;20;2
1819797;66;9
5540011;21;2
4412645;20;2
4269929;44;9
3803756;36;2
4062614;39;9
3738891;15;9
2820292;66;9
4177985;27;9
1758673;48;2
3825898;13;9
3554373;44;9
5050113;43;9
1806154;37;9
2636612;6;2
1799689;41;9
4303716;27;9
4790872;32;9
5172061;40;9
1517034;43;9
3811463;28;9
4174840;27;9
2959523;13;2
2910946;22;9
2850334;66;9
4649300;32;2
1078939;8;9
3923447;15;2
2595938;53;9
3390937;21;9
5217176;3;9
4553972;29;9
1626169;40;2
1778303;40;2
5421952;25;9
4151334;2;2
1735101;47;9
4168497;10;9
2986457;53;9
1573262;7;9
4260869;68;9
1115037;20;9
4776818;12;9
4441721;32;9
4457581;10;9
4221835;42;9
4149470;46;2
1522160;18;9
4209090;16;9
2618306;33;9
4927892;1;9
4500989;6;2
4490453;21;2
2886436;18;9
4468372;26;9
4446865;10;2
4043755;38;2
4109455;18;9
1186774;28;9
4957937;44;9
4532364;32;9
4414027;12;2
2599100;6;2
2672212;2;9
4430605;28;9
3457015;6;9
1165790;47;9
4437347;38;9
5222301;33;9
4242628;25;9
1808624;15;9
3817434;43;9
4231403;32;9
4353634;7;2
1881634;2;9
1391255;25;9
1431168;47;9
2643363;24;9
3587699;20;9
4892400;21;9
4000504;37;9
2012764;42;9
2696467;56;9
3281692;9;2
4826921;25;9
4787320;44;9
1812795;22;9
991861;9;9
3904239;20;9
4185758;30;9
4523940;14;9
1988276;47;9
3561027;28;9
4246024;9;2
3881621;20;9
4287829;56;9
1973796;67;9
4559242;43;9
3584990;15;9
1450374;1;9
4480193;37;9
1403258;68;9
3084483;21;9
3950092;25;9
4426895;28;9
1925529;22;9
2027605;43;9
3318170;37;9
4414684;43;9
1877660;6;9
4656990;32;9
4201179;19;9
4308167;12;9
1952134;43;9
2838486;43;9
1821456;1;9
3339676;43;9
3964743;6;9
2941287;56;9
3756745;23;9
1191668;17;2
4528990;21;9
2957343;43;9
4312996;32;9
2789183;48;2
4419151;8;9
2525471;24;9
2868295;20;2
3175511;53;9
4051541;6;9
3785663;26;2
4889649;19;9
4149127;22;9
2614331;62;9
3243157;43;9
4354156;13;9
3095344;7;2
1762494;39;9
3523125;36;2
4963467;39;2
3605841;2;2
3611142;41;9
4189447;21;2
3147384;45;9
1739515;22;9
3027351;12;9
3064177;48;9
4286543;25;9
4772926;1;2
2938216;47;9
2570223;67;9
4240510;28;9
3115873;41;9
4479846;34;9
4511174;36;2
2810343;22;9
1769800;6;9
3887821;44;2
2826218;68;9
3416547;62;9
3120834;2;9
1654298;33;9
1790173;53;9
1524308;17;9
5468871;7;2
1330073;68;9
3062614;6;2
5056848;14;9
4169942;25;2
5202954;20;2
5149156;15;9
3997586;26;2
4543772;27;9
1921507;41;2
2737221;39;9
3563745;3;9
3347822;27;2
3481618;39;2
4306798;10;2
2650163;15;9
4156744;41;9
5376340;14;9
4462985;22;9
5428622;14;2
2918431;10;9
1111553;3;9
5068732;43;9
4669413;12;9
5263726;43;9
3095286;40;9
4144973;17;2
5279767;19;9
1556726;25;9
4573673;32;9
2523525;1;9
4700821;27;9
4375651;6;9
3746689;13;9
1195309;1;9
2688689;38;9
2582463;47;9
5257369;28;9
2017444;10;2
5033610;44;9
4233071;7;9
5225646;14;9
1540500;15;9
3582313;4;9
3153308;33;9
4077870;24;9
2003824;62;9
5223780;39;9
4257352;6;9
3520291;21;9
4016793;43;9
5087753;62;9
4292912;23;9
2762311;17;2
4211193;10;2
1284755;20;2
4221187;45;9
3870696;12;9
4694601;28;2
2782239;66;9
3573734;25;9
4246352;14;9
5136720;8;9
3574060;21;9
4587123;28;9
2607232;6;9
2811802;35;2
4800421;39;2
5127652;66;9
4499846;32;2
3061134;6;9
3999922;27;2
1748381;6;9
4494770;53;9
4002712;6;9
5270611;19;9
4471540;38;9
4797982;19;9
4261674;37;2
1558457;12;2
4239255;10;2
5004609;32;9
5032664;44;9
1772148;39;9
1649053;67;9
4404557;25;9
2924682;40;2
1869467;53;9
1639890;19;9
1885875;28;9
4074240;17;2
3955861;46;2
4384322;19;2
1442002;25;9
4500203;24;9
1759088;35;9
3088009;32;2
2515043;4;9
4587959;1;9
1523794;38;2
1999071;1;9
4286069;5;2
1776128;2;9
3819233;48;2
1523513;6;9
3051093;32;2
2004368;37;9
1675541;43;9
2794837;31;2
3690405;14;9
5180949;14;9
5075692;27;2
2669636;41;9
3623095;6;9
4576158;40;2
4652090;33;9
3119573;17;2
2933273;2;9
3776269;25;2
4016563;30;2
4478543;47;9
3730344;21;9
4177485;13;9
3004128;27;2
2019578;2;9
2024689;14;9
4153372;43;2
4804174;6;9
3335713;24;9
1822595;41;9
980744;29;9
5100183;6;2
2771362;43;9
1595374;15;9
3636716;25;9
3410455;43;9
2953717;2;9
5149391;1;2
4184987;25;9
1489406;37;9
2560990;24;9
1872227;27;9
4590070;41;9
1295937;44;9
1592965;3;9
3293338;27;2
4250092;10;2
5296314;43;2
4316846;23;2
3229922;1;2
3829009;25;9
2841311;12;9
5162725;21;2
3448022;20;9
3024425;32;9
1421470;43;9
4507579;17;9
5182383;1;9
4401638;38;9
5253464;31;2
1819375;25;9
3730680;12;9
5248079;37;9
2658363;39;2
4303682;1;2
2004561;3;9
3296153;25;9
4547895;19;9
4578728;8;9
4399660;31;9
4534930;39;9
4594135;24;9
1944873;68;9
5338294;44;2
5485488;43;9
1026437;53;9
1647362;2;9
2746314;6;9
4210696;34;9
2688570;20;9
4813263;44;9
3293646;32;2
3453446;10;2
1647146;24;9
4397713;7;2
1661234;53;9
4550704;21;2
3002177;24;9
1850670;34;2
4352852;36;9
1374908;17;2
3694338;40;9
1034263;25;9
4765962;27;9
4412248;5;9
5510341;44;9
3609102;6;9
4772863;43;2
2859917;1;2
1757152;21;2
4459892;39;9
2721284;42;2
2750694;56;9
3038353;43;2
4073337;62;9
4506616;12;2
4206928;20;9
4189038;34;9
3576015;48;2
2608846;2;9
4135572;9;9
4075577;10;2
3442180;32;9
1951619;3;9
4522895;20;2
4284038;44;2
4630720;40;2
3285268;17;2
4364673;56;9
5151901;6;9
3879574;23;2
3824382;8;9
4404807;62;9
5289168;8;2
4446877;9;9
1802300;17;2
3463549;32;9
2696758;25;9
4653683;19;9
2003522;67;9
1348712;43;9
4687217;62;9
3276884;6;9
4222652;25;2
1317379;28;2
5469779;12;9
4470540;46;2
3430457;17;2
3798795;40;9
4184596;47;9
1588938;10;9
1914378;6;9
4548419;40;2
3431347;44;2
2535787;67;9
1769719;1;9
4272536;46;2
3135284;6;9
4378425;16;9
4783096;14;9
2515169;53;9
4261724;21;2
4730585;2;9
1730821;3;9
1850178;15;2
4525876;15;9
1651649;3;9
4207042;26;9
3429260;24;9
1243253;59;2
5342874;43;9
3991280;6;2
4118464;2;2
4014485;10;9
2590168;17;2
1773732;6;9
1774054;37;2
4326314;21;9
5035493;6;9
4502484;43;9
3285450;17;2
5141138;8;9
5103560;20;2
4758657;8;9
4571101;22;9
3175826;44;9
4108942;35;9
3755926;32;9
4132941;20;9
1960701;23;9
3684652;21;9
4516730;25;9
2703574;20;9
4481842;28;2
2906428;1;9
1290541;2;2
3318250;46;9
1502989;2;9
1918717;9;9
3049849;21;9
2016125;1;9
4565110;19;9
1810417;20;2
4163552;2;9
5202801;21;9
3136590;32;2
3296437;22;2
2703711;36;9
1827176;5;2
3993724;32;2
4194784;9;2
4869683;2;9
1902539;39;9
4540403;6;9
4150317;19;9
4456233;44;9
2573887;3;9
4482817;24;2
3193822;12;9
4185551;14;2
3779127;44;9
3278083;22;9
4347302;32;2
4098101;6;9
5080774;32;9
5098715;33;9
3184283;31;9
3073594;22;9
3551921;21;9
3871695;34;9
1707986;24;9
3731273;6;9
1454399;30;9
1741906;56;9
5391087;24;9
4027069;10;2
4090996;32;9
1461065;43;2
4763970;6;9
4082637;37;2
4246990;1;9
1850899;24;9
4604869;19;9
4961286;22;9
4232503;35;2
4052881;2;9
5226453;11;2
3862271;45;9
1275637;47;9
5389351;41;9
4548016;9;2
3151162;7;9
4089838;23;2
4169058;9;9
2020904;2;9
1475617;27;9
580728;69;9
1447482;66;9
4246038;48;9
4235306;25;9
1546741;18;9
2013755;56;9
1543940;39;9
747733;52;9
3247724;37;9
4410310;5;2
1887738;7;9
3737893;53;9
3351230;48;2
3430727;33;9
2801750;34;9
1521365;43;9
4782254;33;9
4825382;53;9
3279719;22;9
2537473;37;9
3667365;15;2
2847762;25;9
4215718;36;9
1898683;6;9
3075482;2;9
2551075;39;9
2541225;3;9
4295613;39;2
3136026;38;9
2585671;2;9
4462688;39;2
5173303;25;2
4753578;1;9
3382269;30;2
4377706;6;9
1546357;22;9
1527038;68;9
5107191;6;9
1810214;39;9
1395652;66;9
3529039;9;9
798897;2;9
4285332;21;2
4382858;11;9
2559034;36;2
1768696;15;9
3566711;30;9
4450807;43;9
4499456;66;9
1388404;16;9
1337191;62;9
4398920;10;2
3153998;25;9
1284995;22;9
2861210;2;9
4097416;10;2
3173680;32;9
4634517;1;2
4542529;19;9
5408450;44;9
3548625;1;2
3564447;31;2
3650386;48;2
1447752;40;2
4842950;10;2
3603351;19;2
2023133;62;9
3842781;10;2
3932225;7;9
4450865;13;2
1777145;45;2
4204591;2;9
1962437;28;9
3968449;47;2
1031494;56;9
3724316;19;9
2709324;24;9
1161358;29;2
5153255;6;2
4066336;17;2
3068438;25;9
3781020;40;2
4419051;36;9
1438943;39;9
3268335;46;9
1303923;66;9
3970792;27;9
4735185;6;9
3018894;14;9
2697134;34;9
4094610;43;9
4398938;38;9
3649302;40;2
2993973;26;9
5149774;21;2
2630308;66;9
4944105;40;2
1644153;1;9
5244591;27;9
2762299;37;9
4384624;6;9
3458960;45;9
2813258;17;2
3532602;30;2
4516699;21;2
3609049;19;2
2869391;12;2
4229084;42;9
3021360;12;2
4669311;17;2
4301820;21;9
3530540;31;2
4512775;17;2
2015893;21;9
2013264;53;9
1510687;1;9
3429536;6;9
2602635;6;9
1501439;39;9
2974137;47;9
2821703;1;9
5099049;47;9
4861676;56;9
1686586;22;9
4419609;2;9
993229;44;9
2563186;2;9
4401378;36;9
4395070;4;9
4253655;46;9
829745;8;2
1749887;68;9
3498366;9;9
4838042;6;9
1760824;43;9
1443801;2;2
4495708;23;9
5202107;27;2
2829765;62;9
3384226;27;2
2978456;39;9
1338043;37;9
1837643;43;9
4282277;36;9
1629662;25;2
1276788;6;9
1882604;67;9
4332400;35;9
3411960;20;9
4511213;6;9
4322758;42;9
3956957;1;2
3597968;12;2
3251427;27;2
1847608;41;9
4018788;25;9
2855810;6;9
3717594;2;9
4949204;15;9
1401911;6;9
3548528;20;9
4506803;23;2
5533453;28;2
4365903;32;9
1575450;6;9
1952597;15;9
2806078;24;9
3567547;6;9
5013759;10;2
3645986;52;2
2523956;37;2
4712682;14;9
4277419;25;9
2525100;41;9
1795834;5;2
4823666;12;2
4283411;27;2
1853332;67;9
1401085;25;9
3377556;9;9
3876770;19;9
3313484;2;9
3737872;6;2
5324607;25;9
2868052;6;2
1336136;27;2
5268066;53;9
1892700;15;9
3896288;27;2
1411881;21;9
3964678;20;2
4255353;4;9
4650824;6;9
2702554;17;2
2877602;43;9
3955033;17;2
4473582;25;9
1064445;14;2
3882457;47;9
1853445;62;9
2596734;27;2
4423104;32;9
4556982;62;9
1268988;33;9
2858697;31;2
4282790;40;2
5016471;66;9
3771653;20;2
4531815;17;2
1332280;10;2
2692872;39;9
2974728;6;2
4610430;67;9
5373429;53;9
3828769;40;2
3956332;45;2
1195996;41;9
1607964;28;2
4768550;12;9
4474355;21;9
4392116;17;2
4502317;14;9
4316515;9;2
2869168;17;2
5323245;32;9
1379360;44;9
5306370;15;9
3470123;2;9
4326863;33;9
2626876;12;9
3813318;15;9
2706981;20;9
1762846;24;2
4161847;37;9
5078261;24;9
3972622;10;2
1512099;27;2
1556112;8;2
1532330;37;9
2729586;37;2
4515719;1;2
2900827;53;9
1168842;38;9
4210477;37;9
5301973;37;9
2838060;17;2
2611221;30;2
3247003;12;2
3766717;14;9
2870753;37;9
2737566;23;9
4158334;9;9
967058;25;9
3127566;46;2
1349071;28;9
4661754;66;9
4630004;27;2
3333146;62;9
3694088;2;9
4494348;18;9
878310;44;9
1548610;56;9
4522289;21;2
3966998;17;2
3705096;31;2
2620448;39;9
1864889;39;9
1256131;46;9
4568794;39;9
4680630;40;2
1341868;20;2
1894223;4;9
2837530;3;9
1977294;37;9
2814225;39;2
2002040;6;9
1373201;51;9
4837372;62;9
4908070;6;2
4098112;56;9
1221517;8;9
3119538;23;2
3153249;27;9
1328402;2;9
5299463;7;2
4054215;27;9
1924066;6;9
3236601;12;9
2671802;24;9
1914795;2;9
1773221;24;9
5377371;6;9
4743305;6;9
4499897;6;2
4323701;9;2
3595393;25;9
4246381;30;9
4050948;17;2
4229988;22;9
1873640;20;2
2523062;66;9
3493373;40;9
3400238;15;9
1166737;25;9
3134933;28;9
1651514;37;9
5019769;1;9
1510188;17;2
2562599;6;9
4428784;67;9
3400332;41;9
3616002;32;9
4578778;8;9
5598910;48;2
3655223;6;9
2807158;5;9
4114188;32;9
1447745;17;2
2579480;33;9
4530835;33;9
4503702;39;9
5422342;66;9
1226891;68;9
1839328;47;9
1786903;47;9
3304078;55;2
3537111;2;9
3202473;4;9
4706305;39;9
4706758;21;9
4243789;66;9
1237652;52;9
3919461;45;2
1507385;55;9
931689;44;9
1422783;27;2
4520692;1;2
5155775;33;9
3520712;6;9
3489568;51;2
4711663;53;9
4000731;19;9
1569843;24;9
3082180;46;2
2947046;1;9
2700815;66;9
4975047;40;2
4429498;43;9
4127496;36;9
3207606;17;2
3398507;43;2
2678211;62;9
3287832;66;9
1524807;2;9
1799012;40;2
1853235;68;9
3209617;6;2
4237442;38;9
2661201;53;9
940705;67;9
3809063;20;2
3542842;28;2
3182566;10;2
2855486;24;9
1535207;3;9
3745006;25;9
4045032;66;9
1710632;20;9
2818685;25;9
2002917;68;9
1834518;3;9
4174092;62;9
1401544;24;9
1201463;43;2
3749118;20;2
2648988;11;2
5287628;2;9
1966411;56;9
5567423;41;9
4543725;41;9
1922815;46;9
3207297;6;9
3640445;27;9
4306639;20;2
4921466;27;2
1112077;39;9
5137996;68;9
5192163;14;9
3496937;28;2
2665515;4;9
1333844;1;2
4554481;37;2
1702077;14;9
2968350;37;9
3341289;28;9
3279084;18;2
4267392;4;9
4275896;6;9
2673790;19;9
4349094;14;9
3150467;9;2
3904548;53;9
1200628;1;2
1784089;15;9
3470659;22;9
2662726;56;9
2002462;2;9
3745865;6;2
4085018;33;9
5206283;62;9
5047611;8;9
2857211;48;2
3391215;21;2
2869818;62;9
4168547;12;9
4801074;21;9
3914450;1;2
4462971;39;9
4942095;17;2
5326775;6;2
4275207;6;2
1809865;28;9
1976046;1;2
4223041;17;2
4992424;43;9
5127604;27;2
6178045;40;2
4860732;53;9
1314933;25;9
2623684;22;9
4669748;6;9
4149126;40;2
2941264;53;9
1046628;41;9
2918692;48;2
3667893;25;9
1335565;67;9
1872145;24;9
4390555;1;2
4045814;25;9
4943427;62;9
1860012;15;9
1300459;12;9
3445407;28;9
3924020;1;2
3659778;1;2
4428985;12;9
4156661;43;9
1989539;19;9
2758221;41;9
4827716;26;2
1367763;46;9
3541929;6;9
4129727;18;9
4151701;56;9
3801602;39;2
3363346;6;2
2619547;47;9
1727081;67;9
1804605;31;2
1938048;41;9
3648724;40;2
4455643;9;2
1678798;21;9
5119080;40;2
5135554;6;9
3121961;40;2
3466697;28;2
4764489;2;9
4748325;40;2
2932647;17;2
1241434;27;9
3058863;33;9
3818498;39;9
3321537;34;9
4541717;24;2
3992439;41;9
4236243;56;9
3484948;7;2
2774589;33;9
1841283;22;9
4261496;12;9
1483673;25;2
2833328;6;9
4875289;37;9
3614244;24;9
1261361;15;9
1411934;52;9
3081797;1;2
3559334;9;2
1711463;20;2
5050671;27;2
3489001;7;2
5258966;33;9
3146892;6;9
3944447;25;2
1899086;47;9
1191089;56;9
4755005;17;2
1796982;6;9
4883513;53;9
4321610;6;2
2895001;19;9
1080014;23;2
4114323;42;9
1077205;6;9
4506200;36;9
4369697;37;9
1695951;31;2
1091189;17;2
1096748;67;9
3402414;24;9
1238806;48;9
585647;17;2
1503884;32;9
1888120;21;2
5384186;66;9
4107663;1;2
1891509;43;9
1951194;37;9
3802636;37;9
5352232;43;9
1836416;20;2
4582045;56;9
2850108;25;9
2580611;17;2
4869706;68;9
3434352;10;2
4184478;33;9
4830708;27;2
1971499;24;9
4536272;20;2
1771899;41;9
1728000;62;9
3565346;30;9
4639965;67;9
2818013;56;9
3584449;21;9
5320758;6;9
4340466;2;2
4299083;17;2
4405103;27;2
1375128;31;2
3960408;6;2
1290209;16;9
5360250;22;9
3134706;25;9
2546774;11;2
1022389;17;2
3459223;39;9
4547171;2;9
2637273;2;9
2617534;20;2
1482686;28;9
4467188;20;9
1501871;22;9
1953119;14;9
1310592;1;9
5276202;6;9
4514945;25;2
2537358;27;2
1962552;7;2
3002147;41;9
4305233;37;9
1940150;24;9
3443394;12;9
4268646;6;9
1231400;55;9
1419545;6;9
3696301;12;2
1510281;25;9
4432077;37;9
1809450;33;9
3976343;40;2
4162748;30;2
1936252;1;9
4832844;6;2
4531838;47;9
3648357;15;9
3079069;53;9
1804159;17;2
3980625;53;9
4155163;25;9
1035595;66;9
3309112;24;9
3701063;9;9
1675365;17;2
3968139;9;9
459143;10;2
1146966;12;9
4809738;1;2
2643887;27;2
3021632;44;9
4131329;20;2
1846857;66;9
2583412;39;2
5230177;1;9
2759473;24;9
2645889;48;2
2735350;47;9
2861495;6;2
1278567;7;9
3649688;31;2
963255;12;9
4460341;6;2
5135249;24;9
3982540;1;2
1794858;66;9
1740599;53;9
4652472;27;2
5603380;20;9
2561747;2;2
2904270;25;9
4638870;2;9
2607254;6;2
1782811;17;2
4185270;25;2
1397664;1;9
2542681;6;9
1671010;2;9
4776801;6;9
1425964;15;9
1482356;16;2
1340384;17;9
1357682;25;9
4176850;27;2
2006144;15;9
4807257;6;9
4468600;1;9
2605380;24;9
2629644;25;9
1251939;55;9
1265891;19;9
4450981;24;9
1244854;31;2
1380644;43;2
2556145;66;9
3927896;36;2
5174583;20;2
1258167;43;9
4263743;19;2
4189498;32;2
3656515;39;9
4950025;20;2
1450733;18;9
4815964;68;9
5016466;25;9
3171293;17;2
2859835;44;9
1699062;66;9
1968771;40;2
1458685;17;9
1897725;44;2
4206014;20;2
1113717;28;9
2772123;15;9
1780785;27;2
2685197;3;9
3058764;43;9
1791187;56;9
3282328;40;2
4463483;53;9
1759380;6;9
966789;21;2
1718314;12;9
3513807;5;9